   1.0042158257332980E-005
   1.0050128169688047E-005
   1.0060933558826190E-005
   1.0105327658401136E-005
   1.0140058248764801E-005
   1.0089493681435199E-005
   1.0017329166899046E-005
   1.0035726144648064E-005
   1.0105830469042307E-005
   1.0131757096913494E-005
   1.0106087449804565E-005
   1.0065757998819579E-005
   1.0045344467294886E-005
   1.0066694065995708E-005
   1.0097969011995256E-005
   1.0100373344090847E-005
   1.0090347469419031E-005
   1.0080952158491578E-005
   1.0061850511376568E-005
   1.0053658457338091E-005
   1.0076476862195427E-005
   1.0103384389018053E-005
   1.0104023086935855E-005
   1.0081172093721698E-005
   1.0058482754054335E-005
   1.0061311807436117E-005
   1.0088043543322045E-005
   1.0107582881981087E-005
   1.0103571006722167E-005
   1.0086890610945003E-005
   1.0069093361158829E-005
   1.0063442366847378E-005
   1.0081690576610416E-005
   1.0105192240709104E-005
   1.0103657870586865E-005
   1.0081508249762478E-005
   1.0064949832339197E-005
   1.0064843547871169E-005
   1.0079719429580392E-005
   1.0100839556798351E-005
   1.0105040566960439E-005
   1.0083657999221392E-005
   1.0065364938720181E-005
   1.0072950239643341E-005
   1.0090992280879863E-005
   1.0099940664997109E-005
   1.0098810909930119E-005
   1.0088966369339729E-005
   1.0075384186833240E-005
   1.0073633050366060E-005
   1.0087767004026283E-005
   1.0100303017823659E-005
   1.0097849414527349E-005
   1.0085671939954809E-005
   1.0076167050201529E-005
   1.0078182342036987E-005
   1.0089965186881134E-005
   1.0098637676503414E-005
   1.0095594375713723E-005
   1.0087085120684878E-005
   1.0083210497695697E-005
   1.0085262696419299E-005
   1.0089699005768836E-005
   1.0094921575053124E-005
   1.0097201916756031E-005
   1.0091593782635291E-005
   1.0083085648139815E-005
   1.0083036162287401E-005
   1.0091170869788527E-005
   1.0096053418385625E-005
   1.0093695103284925E-005
   1.0090323896475485E-005
   1.0089456031235340E-005
   1.0089822973994754E-005
   1.0091420360033098E-005
   1.0094777682978338E-005
   1.0098009116952617E-005
   1.0098225014979950E-005
   1.0095074445664029E-005
   1.0092312387315843E-005
   1.0093764798693835E-005
   1.0097560557104827E-005
   1.0098400192915184E-005
   1.0095620989133415E-005
   1.0093693054237844E-005
   1.0094335730231593E-005
   1.0094518378531512E-005
   1.0093564814842137E-005
   1.0094703113503580E-005
   1.0097540110614728E-005
   1.0097609431787765E-005
   1.0095164492481094E-005
   1.0095333370906576E-005
   1.0098927233150807E-005
   1.0101698706796990E-005
   1.0101988355302277E-005
   1.0101989963712038E-005
   1.0102806975747148E-005
   1.0103166635523815E-005
   1.0102366575800421E-005
   1.0101764393526554E-005
   1.0102488705142153E-005
   1.0103153340984026E-005
   1.0102013170228907E-005
   1.0100204382793753E-005
   1.0100034188665208E-005
   1.0101135508456266E-005
   1.0101296304087208E-005
   1.0100445910998011E-005
   1.0100674688424424E-005
   1.0102328692860431E-005
   1.0103600546368814E-005
   1.0104340757894742E-005
   1.0106272330199596E-005
   1.0109126212505412E-005
   1.0110768554241490E-005
   1.0111054148842911E-005
   1.0111718183020160E-005
   1.0113088055801945E-005
   1.0113989704048683E-005
   1.0114084916471864E-005
   1.0114133196778675E-005
   1.0114423473242343E-005
   1.0114266639613541E-005
   1.0113230956836490E-005
   1.0112075479160983E-005
   1.0111676730891419E-005
   1.0111733964862178E-005
   1.0111583670157965E-005
   1.0111553594772768E-005
   1.0112403396076213E-005
   1.0113954839294982E-005
   1.0115378947425406E-005
   1.0116617459531082E-005
   1.0118298174524763E-005
   1.0120199353413071E-005
   1.0120325647587007E-005
   1.0121889770852534E-005
   1.0121999882830883E-005
   1.0123297699944563E-005
   1.0123408848278144E-005
   1.0125046339255132E-005
   1.0125195215207425E-005
   1.0127079948530304E-005
   1.0127221775066954E-005
   1.0128686694197238E-005
   1.0128777877563251E-005
   1.0129653085513841E-005
   1.0129709578862750E-005
   1.0130386917461078E-005
   1.0130443540577946E-005
   1.0131214891553213E-005
   1.0131280707102367E-005
   1.0132128282029099E-005
   1.0132197506513493E-005
   1.0133111522426179E-005
   1.0133192857200735E-005
   1.0134393977940307E-005
   1.0134509526812181E-005
   1.0136155252502526E-005
   1.0136303612111547E-005
   1.0138159396939777E-005
   1.0138313149162920E-005
   1.0140085170488385E-005
   1.0140234786376243E-005
   1.0141996465186884E-005
   1.0142161663041830E-005
   1.0144082910392151E-005
   1.0144268963754285E-005
   1.0146100646727080E-005
   1.0146366275371218E-005
   1.0147856801551089E-005
   1.0148067319838619E-005
   1.0149069198296572E-005
   1.0149209808958265E-005
   1.0149778298971736E-005
   1.0149862041662078E-005
   1.0150013404580710E-005
   1.0149988467298380E-005
   1.0149607995930149E-005
   1.0149443600723302E-005
   1.0148601247644037E-005
   1.0148352417500459E-005
   1.0147387695339221E-005
   1.0147163535553471E-005
   1.0146456182309496E-005
   1.0146349155971218E-005
   1.0146275056918523E-005
   1.0146349401823439E-005
   1.0147326797400336E-005
   1.0147612368651790E-005
   1.0149892391043294E-005
   1.0150385512157856E-005
   1.0153946359600030E-005
   1.0154656479501368E-005
   1.0159518274674457E-005
   1.0160476335220724E-005
   1.0166944043062257E-005
   1.0168206833074337E-005
   1.0176717897829847E-005
   1.0178402338626630E-005
   1.0189374871868151E-005
   1.0191662695677172E-005
   1.0205357116384493E-005
   1.0209009189784642E-005
   1.0226447008379259E-005
   1.0233086886633257E-005
   1.0253464604928187E-005
   1.0271316244950569E-005
   1.0290115542822293E-005
   1.0302024314115709E-005
   1.0311509698687208E-005
   1.0318287377617048E-005
   1.0322374181516247E-005
   1.0325936881305700E-005
   1.0327951523613436E-005
   1.0346971761352673E-005
   1.0345674033390588E-005
