   1.0015274678075947E-005
   1.0007023168127196E-005
   9.9964993668110539E-006
   9.9521052656120981E-006
   9.9173746694627947E-006
   9.9679392605295722E-006
   1.0040103810129184E-005
   1.0021706888763356E-005
   9.9516025996195143E-006
   9.9256759081106877E-006
   9.9513453741771539E-006
   9.9916746324686700E-006
   1.0012087833869088E-005
   9.9907381389339402E-006
   9.9594634219178198E-006
   9.9570590689891508E-006
   9.9670846747380917E-006
   9.9764804250916250E-006
   9.9955815471199913E-006
   1.0003773904322092E-005
   9.9809553154404601E-006
   9.9540475299858234E-006
   9.9534089987650631E-006
   9.9762598589244267E-006
   9.9989492998270890E-006
   9.9961200387769689E-006
   9.9693883096454675E-006
   9.9498489365773271E-006
   9.9538607082601906E-006
   9.9705411826242923E-006
   9.9883384485766239E-006
   9.9939892803497327E-006
   9.9757411131736667E-006
   9.9522394629082484E-006
   9.9537739108742938E-006
   9.9759235122663447E-006
   9.9924819424580860E-006
   9.9925882523265939E-006
   9.9777121455810355E-006
   9.9565922141386267E-006
   9.9523911205062680E-006
   9.9737736435877650E-006
   9.9920667551794128E-006
   9.9844814173006566E-006
   9.9664393293331760E-006
   9.9574909766767067E-006
   9.9586206879032116E-006
   9.9684652986428265E-006
   9.9820473855294707E-006
   9.9837985134232785E-006
   9.9696645825329270E-006
   9.9571283831859128E-006
   9.9595820416689247E-006
   9.9717595207395636E-006
   9.9812643770539826E-006
   9.9792489913606214E-006
   9.9674662550855096E-006
   9.9587936480298724E-006
   9.9618369639458762E-006
   9.9703463199995142E-006
   9.9742208367743905E-006
   9.9721687771392223E-006
   9.9677323913561661E-006
   9.9625098022645738E-006
   9.9602294877515671E-006
   9.9658374735726547E-006
   9.9743456664514133E-006
   9.9743950580551777E-006
   9.9662603717902404E-006
   9.9613778155783259E-006
   9.9637359929271641E-006
   9.9671072851027221E-006
   9.9679751185617428E-006
   9.9676081970778034E-006
   9.9660108775959575E-006
   9.9626534511162681E-006
   9.9594220002382433E-006
   9.9592061897134649E-006
   9.9623567687206510E-006
   9.9651188823814344E-006
   9.9636663901069593E-006
   9.9598705242506467E-006
   9.9590308146157862E-006
   9.9618100255716036E-006
   9.9637380566374321E-006
   9.9630954009516777E-006
   9.9629127641037972E-006
   9.9638662169459646E-006
   9.9627278504325183E-006
   9.9598908832283018E-006
   9.9598216169755918E-006
   9.9622665934566310E-006
   9.9620976640595336E-006
   9.9585037437749328E-006
   9.9557322009788170E-006
   9.9554425771714363E-006
   9.9554410195318023E-006
   9.9546240217868938E-006
   9.9542643946487747E-006
   9.9550644468248591E-006
   9.9556665714278255E-006
   9.9549422218145695E-006
   9.9542775613455149E-006
   9.9554177271997465E-006
   9.9572265513238143E-006
   9.9573967201556666E-006
   9.9562953383072304E-006
   9.9561345112762553E-006
   9.9569849163339449E-006
   9.9567561728059213E-006
   9.9551021787592946E-006
   9.9538303217193407E-006
   9.9530900792165767E-006
   9.9511585064318586E-006
   9.9483046382916963E-006
   9.9466622943718235E-006
   9.9463766956662990E-006
   9.9457126241014072E-006
   9.9443427049543483E-006
   9.9434410314150434E-006
   9.9433458349086090E-006
   9.9432975818274586E-006
   9.9430073269303387E-006
   9.9431641845851960E-006
   9.9441998445960040E-006
   9.9453552878336200E-006
   9.9457540217272435E-006
   9.9456967739899464E-006
   9.9458470833102397E-006
   9.9458771765054247E-006
   9.9450273664668812E-006
   9.9434759172107896E-006
   9.9420517982599874E-006
   9.9408132679870777E-006
   9.9391325358301476E-006
   9.9371050440005669E-006
   9.9354307956323776E-006
   9.9340218247995496E-006
   9.9322354627131658E-006
   9.9302089044319355E-006
   9.9286528027659778E-006
   9.9277211113676571E-006
   9.9269871450897519E-006
   9.9261499678732904E-006
   9.9252331628267745E-006
   9.9242378121772367E-006
   9.9229211566974939E-006
   9.9212539359298097E-006
   9.9211270925947952E-006
   9.9192712588629561E-006
   9.9191175698974883E-006
   9.9173371656957943E-006
   9.9171959296236149E-006
   9.9154242278311535E-006
   9.9152690466164447E-006
   9.9133350332623396E-006
   9.9131617364742058E-006
   9.9112273443886036E-006
   9.9110644349934894E-006
   9.9094862915303350E-006
   9.9093634699567448E-006
   9.9083002259479018E-006
   9.9082212077793658E-006
   9.9076291719456715E-006
   9.9075698413625377E-006
   9.9074245865638447E-006
   9.9074454236953119E-006
   9.9078768504285209E-006
   9.9079936344461732E-006
   9.9089170962173854E-006
   9.9090884349126262E-006
   9.9101247002040185E-006
   9.9102791403506589E-006
   9.9110191064966435E-006
   9.9110937438705751E-006
   9.9111594786144917E-006
   9.9110951659968146E-006
   9.9100617657431887E-006
   9.9098350891454678E-006
   9.9075270799441589E-006
   9.9070619934686439E-006
   9.9033715215845470E-006
   9.9027874625608458E-006
   9.8978692945170835E-006
   9.8969651288654288E-006
   9.8902662996881167E-006
   9.8892368208198291E-006
   9.8806484464207014E-006
   9.8790457845717361E-006
   9.8678513046068326E-006
   9.8657874604170429E-006
   9.8513172997129656E-006
   9.8484411958127222E-006
   9.8294599905441056E-006
   9.8243983256595906E-006
   9.8016229040669668E-006
   9.7894454783625985E-006
   9.7888639144232807E-006
   9.7856626357408797E-006
   9.7880491092729228E-006
   9.7934260927305798E-006
