1.121602683411639e-6
8.791685519255089e-7
7.769436363659545e-7
6.369603142872175e-7
5.47283608345897e-7
4.343400139896848e-7
3.5151907099775513e-7
2.5133083982147975e-7
1.7186366780037908e-7
7.770725632086812e-8
-1.7048176422756997e-9
-9.477652181544203e-8
-1.7762084097052524e-7
-2.740219421237846e-7
-3.639041724062039e-7
-4.6771774769972364e-7
-5.681073073991538e-7
-6.829396879464407e-7
-7.96834090837447e-7
-9.255366924471232e-7
-1.0551026458408725e-6
-1.1994575788163146e-6
-1.3456921333012767e-6
-1.5061196877169183e-6
-1.6685678881154321e-6
-1.843897727484236e-6
-2.020457492529091e-6
-2.2077950780907625e-6
-2.3946333777299787e-6
-2.589343868057271e-6
-2.7809401563640724e-6
-2.976762293913881e-6
-3.166085735076231e-6
-3.355377838903381e-6
-3.5341946007024587e-6
-3.7083040883651328e-6
-3.8676005426786315e-6
-4.017338010542862e-6
-4.147835822722371e-6
-4.264025354787576e-6
-4.3567559392004545e-6
-4.430825708312194e-6
-4.477725099877329e-6
-4.502297136018972e-6
-4.496778568314332e-6
-4.466214301391362e-6
-4.40367513682789e-6
-4.3145343054065624e-6
-4.1927566242282035e-6
-4.044131457991111e-6
-3.863541562247892e-6
-3.6572356342819885e-6
-3.420996659867021e-6
-3.1615280431137492e-6
-2.875451257893821e-6
-2.5698719570708983e-6
-2.2421454022283705e-6
-1.8996826112194488e-6
-1.5404295799936215e-6
-1.1719681476280782e-6
-7.926615563816086e-7
-4.1010005940544545e-7
-2.2870978171383203e-8
3.616050511177609e-7
7.447165994772291e-7
1.1193924314082258e-6
1.4871897118080036e-6
1.8415536242808598e-6
2.1843811341598044e-6
2.509774022759595e-6
2.8201055147599336e-6
3.1102348064133213e-6
3.3831019064075476e-6
3.6343749655933114e-6
3.8675972372494504e-6
4.0792416779373675e-6
4.2734329105590805e-6
4.447386627567542e-6
4.605728734292543e-6
4.746299998648879e-6
4.874094046890807e-6
4.987410407922915e-6
5.091432614444249e-6
5.184715215229542e-6
5.272422795348291e-6
5.353138606819823e-6
5.43178476423142e-6
5.5067418177485e-6
5.582469623055642e-6
5.656928410185362e-6
5.733918811143796e-6
5.81079574334143e-6
5.890544776588214e-6
5.969780454376917e-6
6.050574595409194e-6
6.1287305551274525e-6
6.205377213062284e-6
6.275510192436283e-6
6.339363244364252e-6
6.391206680605175e-6
6.430505713895765e-6
6.450965423604962e-6
6.451483450543464e-6
6.425429830798501e-6
6.371399387022988e-6
6.282713856575385e-6
6.157977487667432e-6
5.990788176704822e-6
5.780098277141756e-6
5.520121058751474e-6
5.210497660251727e-6
4.846385179653439e-6
4.428430119784374e-6
3.9530248707398756e-6
3.4220879455142697e-6
2.833476548799231e-6
2.190574378873026e-6
1.4928493754250608e-6
7.452508327852957e-7
-5.109677108407151e-8
-8.896842193164891e-7
-1.7677946156864743e-6
-2.6774765729678668e-6
-3.614596801562081e-6
-4.569989379243398e-6
-5.538386134992306e-6
-6.509733485482261e-6
-7.478000611924584e-6
-8.432653656008864e-6
-9.367339695028264e-6
-1.027150671713559e-5
-1.1138959824380592e-5
-1.1959614498615026e-5
-1.2727920436230874e-5
-1.3434735279097513e-5
-1.407561109940887e-5
-1.4642776078707622e-5
-1.5133278961148793e-5
-1.5541067146578095e-5
-1.586498541222867e-5
-1.610094050937116e-5
-1.624975206691506e-5
-1.6309395967588927e-5
-1.62827074808973e-5
-1.6169698314772632e-5
-1.5975114529410677e-5
-1.5700825044911397e-5
-1.535323957131865e-5
-1.493576930076451e-5
-1.4456112742101977e-5
-1.3918792119814897e-5
-1.3332317405380727e-5
-1.2701804366656362e-5
-1.2036029030681768e-5
-1.134013518039677e-5
-1.0622592776714656e-5
-9.88800381564458e-6
-9.143978742350348e-6
-8.394049841428759e-6
-7.644479299752338e-6
-6.897288654144012e-6
-6.157010875860351e-6
-5.423842851362579e-6
-4.700351719188809e-6
-3.984754990160252e-6
-3.2775884826238704e-6
-2.5751156507139767e-6
-1.8759610131691426e-6
-1.1746467619107974e-6
-4.681918035682381e-7
2.502299807726251e-7
9.847287960947575e-7
1.7429282660385607e-6
2.5294499054476103e-6
3.352042528212841e-6
4.215122508721289e-6
5.1258183270034925e-6
6.0875792715844805e-6
7.1061518607532335e-6
8.183270904941764e-6
9.322585130667893e-6
1.0523444627938865e-5
1.1786792392296039e-5
1.3109061061080857e-5
1.4488045257228531e-5
1.5916918195703323e-5
1.7390096729222056e-5
1.8897385001591414e-5
2.042984012959801e-5
2.1974045802704355e-5
2.351798183780711e-5
2.5045425765751568e-5
2.6541824389673546e-5
2.7988816309994505e-5
2.9370098473388943e-5
3.066605765562643e-5
3.185962020562764e-5
3.2930976125318255e-5
3.3863396176884577e-5
3.463802874697903e-5
3.5239665548280596e-5
3.5651589250746444e-5
3.586126745458887e-5
3.585522835630246e-5
3.562466269206733e-5
3.5160305616569644e-5
3.4457927991652434e-5
3.351320521236831e-5
3.2327082498669846e-5
3.090061549438323e-5
2.924019893742786e-5
2.735236924869568e-5
2.524889181539168e-5
2.294152212651165e-5
2.0446953504611402e-5
1.7781540195125453e-5
1.4966114245252705e-5
1.2020680807334922e-5
8.9691194691978e-6
5.833868357171114e-6
2.640531037868407e-6
-5.874287143363293e-7
-3.824148794396967e-6
-7.046637700647997e-6
-1.0230276718212999e-5
-1.3354025031107232e-5
-1.639593293403681e-5
-1.933825583278517e-5
-2.216295058650432e-5
-2.485667355045373e-5
-2.7406235723385145e-5
-2.980346456286792e-5
-3.204059921029663e-5
-3.411500226666878e-5
-3.602448365875625e-5
-3.777185649046831e-5
-3.936018661515574e-5
-4.079719552683103e-5
-4.209044181007311e-5
-4.325158315744857e-5
-4.429150489837733e-5
-4.522446191825462e-5
-4.606317770553318e-5
-4.6822894497044557e-5
-4.751647304130326e-5
-4.815838504414102e-5
-4.875984851481538e-5
-4.933279998872242e-5
-4.988510242161872e-5
-5.042453532630028e-5
-5.095411140706959e-5
-5.147612046135918e-5
-5.198758720990203e-5
-5.248439960296725e-5
-5.2956933733657565e-5
-5.3394289299549185e-5
-5.378009845274377e-5
-5.409688107708919e-5
-5.432204350070255e-5
-5.4432354627840856e-5
-5.440012837858602e-5
-5.419780938636523e-5
-5.3794320719983984e-5
-5.3159735754512156e-5
-5.226176112222142e-5
-5.107046044533611e-5
-4.955483250785896e-5
-4.768754372051305e-5
-4.544155407386117e-5
-4.279480929635348e-5
-3.9726862959178514e-5
-3.6223476906771244e-5
-3.227318744420014e-5
-2.7871764139831036e-5
-2.3018671576427596e-5
-1.7721342146428186e-5
-1.199149232265177e-5
-5.849174370748599e-6
6.810828671011203e-7
7.5664658546840176e-6
1.476992714283053e-5
2.224662833679188e-5
2.994818262931583e-5
3.7819339901646696e-5
4.580240447277529e-5
5.383413672744412e-5
6.18503132473616e-5
6.97828037752951e-5
7.756422630877014e-5
8.512514496411533e-5
9.239876096492533e-5
9.931816721718476e-5
0.00010582100847202323
0.00011184672310230474
0.00011734110286299503
0.00012225345211548983
0.0001265409800171859
0.00013016581255148317
0.00013309915773361767
0.00013531811614736597
0.00013680957252285025
0.00013756676551704997
0.00013759287605858035
0.00013689733590109999
0.0001354991033273286
0.0001334227112731772
0.00013070124291555992
0.00012737214237534144
0.0001234799247485185
0.00011907179385302108
0.0001142001416805564
0.00010891803663121225
0.00010328158447789424
9.734536541922707e-5
9.116474093847442e-5
8.479132742034983e-5
7.827533954177318e-5
7.166119111399692e-5
6.498996505544665e-5
5.8295227974972704e-5
5.160570903850785e-5
4.4941403557971805e-5
3.8316528410142936e-5
3.173597205671101e-5
2.519857339555452e-5
1.8693952271717415e-5
1.2206133056387576e-5
5.710762366296977e-6
-8.209299639281365e-7
-7.424548606127923e-6
-1.413827128364119e-5
-2.1004953781469474e-5
-2.806763315910578e-5
-3.5371398584039123e-5
-4.295874896739735e-5
-5.08713301172358e-5
-5.9145255385118445e-5
-6.781282487239686e-5
-7.689792893832571e-5
-8.641787213918282e-5
-9.637898184438725e-5
-0.00010677865724633812
-0.00011760129818734283
-0.00012882068762499587
-0.00014039633913086905
-0.00015227630004739534
-0.00016439399076792697
-0.000176671486633357
-0.0001890168895578528
-0.0002013281113368364
-0.00021349078060253673
-0.0002253825110844645
-0.00023687130693051962
-0.000247820259435258
-0.00025808637444322294
-0.00026752560321555174
-0.00027599198004951193
-0.00028334286036320647
-0.00028943822779129997
-0.0002941459880543113
-0.0002973412852369833
-0.0002989116859077463
-0.00029875633606669196
-0.0002967908679408509
-0.0002929462334371092
-0.00028717317684430325
-0.00027944059785877897
-0.0002697394569000446
-0.000258080550212342
-0.0002444977494674684
-0.0002290451114193206
-0.0002117993977870316
-0.00019285648986864197
-0.0001723331853889792
-0.0001503629410305647
-0.0001270969963585452
-0.00010269952053063429
-7.734816554387106e-5
-5.122874331518097e-5
-2.4535357190132366e-5
2.53522192735359e-6
2.9783659529582934e-5
5.701378230434139e-5
8.403270668868547e-5
0.00011065644738074242
0.00013670985035255348
0.00016203186685997473
0.00018647507829324994
0.00020991043355599135
0.00023222617768609778
0.0002533318832214536
0.00027315663503149797
0.0002916522339414759
0.00030879054427409354
0.00032456580755690255
0.00033899112329452543
0.00035209987792239134
0.0003639413987598046
0.00037458157357146503
0.0003840977872679947
0.0003925788750848687
0.0004001195159047915
0.0004068197216767769
0.0004127789148722762
0.00041809520321279956
0.00042285940694172634
0.00042715439685503664
0.0004310493559539404
0.0004345994669778988
0.0004378406901068065
0.00044079007195881856
0.00044344129542845875
0.0004457658453893845
0.00044770953933295717
0.0004491947275408415
0.0004501179465343287
0.00045035325671526614
0.00044975107901888553
0.0004481426859646371
0.00044534019098906117
0.0004411421157423251
0.00043533440805404287
0.0004276969161880431
0.00041800522251387434
0.00040603777161176275
0.00039157822974002
0.00037442294521109083
0.00035438348534986755
0.00033129406063807815
0.00030501385662475103
0.00027543403277903244
0.00024247946069510889
0.00020611491739387793
0.0001663458651023634
0.00012322349773692155
7.684425120887267e-5
2.7353429499253197e-5
-2.5056784828448282e-5
-8.014530602226493e-5
-0.0001376257619021938
-0.00019716614038270432
-0.00025839404297019306
-0.00032089794957208584
-0.0003842339934719604
-0.0004479286670099402
-0.000511486880769112
-0.0005743958157083212
-0.000636133919679056
-0.0006961755116782421
-0.0007540002807700961
-0.0008090981739505776
-0.0008609789040050105
-0.0009091766110780143
-0.0009532588629507655
-0.0009928305765960373
-0.0010275420102972375
-0.0010570914673162864
-0.001081231834789767
-0.0010997716661932078
-0.0011125799145331181
-0.0011195850995128587
-0.0011207780066405028
-0.0011162087819070634
-0.0011059875157514846
-0.0010902792631535922
-0.001069302591399999
-0.0010433226853902814
-0.0010126480987951996
-0.0009776222606027686
-0.0009386188178961409
-0.0008960319976209434
-0.0008502710535238073
-0.0008017500450421596
-0.0007508819899737051
-0.000698068690345862
-0.0006436952374436247
-0.0005881205352718865
-0.0005316728000534523
-0.0004746414016255925
-0.00041727394349608027
-0.00035976996126019294
-0.00030228006383898595
-0.0002449018998621045
-0.00018768169190429586
-0.00013061271477491677
-7.36393722481153e-5
-1.665823682049119e-5
4.0475384440197925e-5
9.794400664358946e-5
0.0001559591736924246
0.00021475597427488477
0.0002745824797123552
0.0003356927674507043
0.00039833521881334227
0.00046274474880591437
0.0005291307202177776
0.0005976691804684563
0.0006684912219354733
0.0007416760693852849
0.0008172407270362705
0.0008951347375880666
0.0009752319004936346
0.0010573274343729316
0.0011411324295265992
0.0012262739934872824
0.0013122929204621456
0.0013986471940019146
0.0014847131283094515
0.0015697923562432011
0.0016531164380660707
0.0017338571948096071
0.0018111345080922374
0.001884029588415694
0.001951595426053409
0.002012872332380165
0.002066900267728667
0.002112735782088021
0.0021494652610594633
0.002176222238708788
0.0021922004841203606
0.002196670578575967
0.002188991725022727
0.00216862648366641
0.0021351502315720373
0.0020882630386928115
0.0020277958349964346
0.0019537185797216627
0.00186614240231395
0.0017653234614292185
0.001651660600493246
0.0015256945935773717
0.0013881011777336209
0.0012396857190742222
0.0010813718288433792
0.0009141918298593871
0.0007392715053816623
0.000557817076651497
0.00037109694596254854
0.00018042618367158824
-1.2853616315537964e-5
-0.00020739112136342354
-0.0004018459951719795
-0.0005949056027206961
-0.0007853049551506834
-0.0009718419513212173
-0.0011533951734655793
-0.0013289363576210632
-0.0014975448103873997
-0.0016584159819119557
-0.0018108715049357915
-0.0019543630206654223
-0.0020884771591060864
-0.002212934121601866
-0.002327587304196057
-0.0024324165456040955
-0.0025275225149354996
-0.0026131149600086886
-0.002689502405112809
-0.002757076148644866
-0.0028162962119561317
-0.002867672203738011
-0.002911746794678219
-0.0029490748576429
-0.00298020598583203
-0.0030056635063602593
-0.0030259276889636486
-0.0030414162970656073
-0.0030524701351865636
-0.0030593367360434213
-0.00306215976269224
-0.0030609672328913633
-0.0030556660321932943
-0.003046035758498351
-0.0030317292307648525
-0.0030122726182927394
-0.0029870723719454327
-0.002955421813926285
-0.0029165144077757344
-0.0028694564616768585
-0.002813286128854444
-0.00274699136130323
-0.002669533534986134
-0.0025798693228149504
-0.002476977409996616
-0.0023598825743135414
-0.0022276836329109526
-0.0020795777580886643
-0.001914887607554841
-0.0017330837902957677
-0.0015338090979475673
-0.0013168970823594875
-0.0010823914347579677
-0.0008305588465639465
-0.0005619018712257569
-0.0002771646020310455
2.266221817405225e-5
0.000336343677188309
0.0006624040270677334
0.000999137711248019
0.001344621214837769
0.0016967323895163138
0.0020531702478080783
0.002411481695096224
0.0027690880708512765
0.0031233178024715003
0.003471437943639848
0.0038106907652277534
0.004138328105428021
0.004451649550912562
0.004748037133042378
0.005024992560554572
0.005280169697767299
0.00551140830853893
0.0057167618491619845
0.005894525377959621
0.006043256485632388
0.00616179540604934
0.00624927737294196
0.006305143510562732
0.006329143516129946
0.0063213365758758005
0.0062820839835111995
0.006212040068688433
0.00611213511974614
0.005983557071409022
0.005827725846753193
0.005646267269674062
0.0054409806172463614
0.005213806842386735
0.004966791678415753
0.00470205072698883
0.004421730835051881
0.004127974881637975
0.0038228843193443126
0.0035084865542287617
0.003186701490725711
0.0028593142314881376
0.002527948185021507
0.002194045424618754
0.0018588484286172033
0.0015233898550055089
0.0011884843188930134
0.000854728603519354
0.0005225040869139976
0.00019198757574181765
-0.00013683586676311896
-0.0004641521463858808
-0.0007902960169597133
-0.0011157218823701974
-0.0014409742829611715
-0.0017666525242763834
-0.0020933763304303715
-0.0024217471208759734
-0.002752311860613768
-0.003085524165265135
-0.0034217096171455423
-0.003761029991958992
-0.004103453292845801
-0.004448724243828831
-0.004796342015755084
-0.005145539727296655
-0.005495272312636613
-0.005844207135870032
-0.006190723715593154
-0.006532916737373637
-0.006868608457856754
-0.007195364452776461
-0.007510518539320771
-0.007811200595522804
-0.008094372839723177
-0.008356868078676846
-0.008595435245331092
-0.008806785555141838
-0.008987644403251137
-0.009134802202695823
-0.009245169145507633
-0.009315827022147512
-0.009344083009614595
-0.009327518571112279
-0.009264038380570059
-0.009151912497223167
-0.008989816780788123
-0.008776864926536574
-0.008512637256324973
-0.008197199861955908
-0.00783111943927703
-0.0074154676755231776
-0.006951820771363227
-0.00644224825731851
-0.005889296950164625
-0.005295964516370583
-0.0046656687518173545
-0.004002207340452436
-0.003309714442266583
-0.0025926091355773177
-0.0018555422620528546
-0.0011033369092243678
-0.00034092921628104994
0.00042669512045095953
0.001194561893027706
0.0019577715389589383
0.0027115576784508934
0.003451345612480074
0.004172804151092985
0.004871895454006895
0.005544916431448922
0.006188536561821095
0.0067998259192226075
0.007376278500991331
0.0079158249433505
0.008416839989108046
0.008878139119762407
0.00929897000769488
0.00967899353093117
0.010018260291843509
0.010317177694104186
0.010576473775051129
0.01079715311820407
0.010980451247106076
0.011127783034060994
0.011240691659037358
0.01132079378384949
0.011369727528146818
0.011389098956678901
0.011380433626157775
0.011345128855143105
0.01128441313786706
0.011199308232776652
0.011090600137368255
0.010958814271452143
0.010804200802927773
0.010626725170270659
0.010426069409480489
0.010201639034040757
0.009952580723890285
0.009677805253424076
0.009376020563123331
0.009045769099619957
0.008685474003870241
0.008293488005894903
0.007868149331776046
0.007407838276777862
0.006911038548098619
0.006376396906710801
0.005802785097015605
0.005189357561987343
0.004535608914192849
0.003841424726646872
0.0031071296936844225
0.0023335268880540923
0.001521932336458894
0.0006741988883797625
-0.00020726614841263047
-0.0011194953122189415
-0.0020589624473418464
-0.003021596659632633
-0.004002803637041684
-0.0049974992868810205
-0.006000150204833478
-0.00700482554539589
-0.008005254474762573
-0.008994893428173816
-0.009966997066212305
-0.010914696864554449
-0.011831081016520258
-0.01270927937706062
-0.013542547002474004
-0.014324349905784751
-0.01504844655912941
-0.01570896875979807
-0.016300495474760174
-0.016818123382744618
-0.017257527914828805
-0.01761501871292464
-0.01788758358418543
-0.018072925153553156
-0.01816948464167487
-0.01817645731388228
-0.018093794424278168
-0.017922196577992
-0.017663093751639807
-0.01731861727670579
-0.016891559430840017
-0.016385326297517436
-0.015803879903311665
-0.015151675594497635
-0.014433590958972512
-0.013654852477396435
-0.012820956416829482
-0.011937590275106599
-0.011010551391798337
-0.010045669049048479
-0.009048726668630713
-0.00802539033112118
-0.006981140103114023
-0.005921210194017675
-0.004850534206719636
-0.003773701206087438
-0.002694918564299802
-0.0016179869372395838
-0.000546282966153319
0.0005172453562846004
0.0015700754566296275
0.0026100945788028983
0.00363557700513291
0.0046451500037639
0.005637754059343154
0.006612593654982113
0.007569084461509435
0.008506793490815043
0.00942537828097737
0.010324521861040515
0.011203869668841362
0.012062965248368867
0.012901190889246858
0.013717709994798525
0.014511417212267778
0.015280892955887415
0.01602436811656078
0.016739695329165794
0.01742433225669072
0.01807533291857298
0.01868935211667085
0.01926265858529254
0.019791161470980492
0.02027044534157613
0.020695817873423988
0.021062364997102467
0.021365017218522932
0.021598621517916687
0.021758022168798703
0.021838144573569435
0.02183408516879233
0.021741201288554522
0.021555203857838198
0.021272246712081295
0.020889015355951085
0.020402808991103416
0.0198116186943592
0.019114195735811818
0.018310113109502625
0.01739981454278684
0.01638465435713651
0.015266922821715373
0.014049860759181276
0.012737658492913256
0.01133544333931994
0.009849251223213985
0.00828598708783947
0.0066533701720949455
0.004959869282310448
0.003214624595513228
0.0014273615298517539
-0.00039170638066383104
-0.002231979742623127
-0.004082583447113523
-0.005932478613566112
-0.007770578899434027
-0.009585864989530169
-0.011367499770855296
-0.013104938041649621
-0.014788033335038092
-0.01640713587373802
-0.01795318443947914
-0.019417786463338523
-0.02079328943703785
-0.02207283834297796
-0.023250422608272647
-0.024320907745956622
-0.025280055651450743
-0.026124529222885294
-0.026851885758009463
-0.02746055530466294
-0.027949808886337833
-0.02831971325357979
-0.02857107749900712
-0.028705388590705677
-0.028724741492536916
-0.028631761230282857
-0.028429522790804268
-0.028121466394795507
-0.027711314118591134
-0.027202985451309617
-0.026600517712312848
-0.025907988821878294
-0.025129448163007866
-0.024268852802276336
-0.02333001449670953
-0.0223165544156324
-0.02123187059195463
-0.020079114605467317
-0.01886118202878996
-0.017580712658259074
-0.016240104541335013
-0.014841537326546904
-0.013387008432370047
-0.011878377088339054
-0.010317419272686139
-0.008705888188771058
-0.007045582911876571
-0.005338419533070173
-0.0035865071489774394
-0.0017922228309020694
4.1712228077557745e-5
0.001912161307826589
0.003815503304145777
0.005747572245778414
0.007703602850200225
0.009678187706579333
0.01166524347173175
0.013657991301778223
0.015648948509278223
0.01762993619947627
0.019592099391605295
0.02152594383957334
0.023421385522721678
0.025267816450350374
0.027054182204754747
0.028769074306300362
0.030400832310705995
0.03193765821388587
0.033367737631529434
0.03467936991071157
0.03586110130460107
0.03690186307142054
0.037791108427179816
0.03851895006211167
0.03907629210123642
0.03945495822507003
0.0396478099408836
0.039648856884667086
0.03945335340804982
0.03905788364142209
0.03846042968843655
0.03766042557898826
0.036658792146658604
0.03545795598661774
0.03406184824500068
0.032475886978745774
0.03070693945465712
0.02876326872047679
0.02665446142291511
0.02439134176560778
0.021985869132835362
0.01945102475633337
0.01680068540673612
0.014049489858701593
0.011212696438793135
0.00830603763566878
0.00534557025741565
0.0023475271867510524
-0.0006718307693963875
-0.0036963569796108465
-0.006710156692933564
-0.009697714646491776
-0.012644014535909189
-0.015534645040838714
-0.018355894797778657
-0.021094831519428325
-0.02373936817902472
-0.026278312040193496
-0.02870140003024478
-0.030999316849574843
-0.03316369990256456
-0.03518712803950732
-0.03706309874432559
-0.038785991294042886
-0.04035102099263678
-0.041754182440449865
-0.042992187290730684
-0.044062394755199526
-0.04496274051175984
-0.045691662419317575
-0.04624802872967319
-0.046631067175737145
-0.04684030049343278
-0.046875486563884364
-0.04673656843958669
-0.0464236320963237
-0.045936876740753675
-0.04527659504516904
-0.04444316759750165
-0.04343706837918518
-0.042258884949866904
-0.04090934954816734
-0.039389384157761574
-0.03770015514822646
-0.035843139938418624
-0.033820200744319975
-0.0316336673332146
-0.029286423396180837
-0.026781998052778457
-0.02412465678600703
-0.02131949306529285
-0.018372514806400356
-0.01529072684459963
-0.012082203602081763
-0.008756153229098323
-0.005322967616154449
-0.0017942598404209833
0.0018171161667382028
0.005497061721559094
0.009230249933657501
0.013000160107605945
0.016789134023718615
0.0205784508400024
0.024348423919833474
0.02807851561481401
0.03174747257199121
0.035333476892385036
0.03881431501128874
0.04216755898754092
0.045370761461548226
0.048401658441231635
0.05123838069867343
0.05385966756180365
0.056245083577046655
0.05837523163639096
0.06023196293254483
0.06179857734637861
0.06306001472313512
0.06400303085702859
0.06461635893419683
0.06489085066184061
0.06481959830849562
0.06439803245817899
0.06362399732722769
0.062497799149635484
0.061022230208710795
0.059202564803896365
0.05704653051295109
0.05456425184698145
0.051768170438323824
0.04867293963649069
0.0452952983733775
0.04165392286526382
0.037769261623454696
0.03366335289963328
0.029359630493954667
0.02488271743807289
0.020258213750264046
0.01551247796262983
0.010672408680882647
0.005765225854955006
0.0008182578750581533
-0.004141266055395515
-0.009086412498242442
-0.013990730271072274
-0.018828421590813015
-0.02357449939467029
-0.028204926222287617
-0.03269673685324483
-0.037028140806904135
-0.041178607621498796
-0.04512893176705301
-0.04886128082737819
-0.05235922451999346
-0.05560774884611579
-0.058593253565301685
-0.061303537830023694
-0.06372777266359989
-0.06585646550262289
-0.06768141580147416
-0.06919566711740276
-0.07039345478912062
-0.071270154619715
-0.0718222315849271
-0.07204719376464465
-0.07194355022748969
-0.0715107776643025
-0.07074929403404841
-0.06966044345834589
-0.0682464900250761
-0.06651062406480948
-0.06445697787079914
-0.062090653695480225
-0.05941776027582499
-0.05644545999164174
-0.05318202222351862
-0.04963688434901079
-0.0458207153510776
-0.04174548293303816
-0.03742451866856101
-0.03287258170739238
-0.02810591531100364
-0.023142296573460397
-0.01800107356854448
-0.012703190343200109
-0.007271194199857376
-0.0017292259872143704
0.0038970117262874873
0.009580307356058323
0.015292018368538964
0.021002172761149535
0.026679597634030647
0.03229207204914625
0.03780650693362936
0.04318914828561167
0.048405805466730914
0.053422099886210404
0.05820373490751163
0.0627167813842392
0.06692797879351965
0.07080504559982678
0.07431699811164674
0.07743447087717872
0.08013003738970625
0.08237852379968214
0.08415731416974963
0.08544663989320186
0.08622985186098307
0.0864936682101664
0.08622839657756606
0.08542812418898618
0.0840908753219216
0.08221873023077228
0.07981790592826107
0.07689879388857393
0.07347595611190157
0.06956807575099949
0.06519786490963911
0.06039192703588183
0.05518057773875243
0.04959762268212882
0.04368009757143783
0.03746797004608811
0.03100380956953193
0.024332426140941242
0.017500484813751622
0.010556097641288517
0.0035484006850193595
-0.0034728817653930837
-0.010457877761186268
-0.017357010676075493
-0.024121436548598957
-0.030703473496009433
-0.03705701540877401
-0.04313792803050601
-0.04890442018749512
-0.05431738894373684
-0.05934073225557862
-0.06394162880130104
-0.0680907795675434
-0.07176261193138359
-0.0749354419552496
-0.07759159678587435
-0.07971749405866145
-0.08130368135947788
-0.08234483379738299
-0.08283971382959841
-0.08279109243493009
-0.08220563672131906
-0.08109376392892084
-0.07946946765236894
-0.07735011687760765
-0.0747562341435684
-0.07171125379146603
-0.06824126682211444
-0.06437475341035731
-0.060142309527106225
-0.05557636853076063
-0.05071092384677108
-0.045581253164789344
-0.04022364971704109
-0.03467516043747982
-0.028973335842361166
-0.023155990666829718
-0.017260979275424117
-0.011325984053451536
-0.005388319949922819
0.0005152474348049962
0.006348667841477271
0.012076759756936622
0.017665349529289994
0.02308140009706689
0.028293128120407084
0.03327011378305921
0.03798340231777153
0.0424056016486409
0.04651097521839823
0.05027553426655321
0.05367712839178208
0.05669553829514157
0.05931256907506453
0.06151214739294887
0.06328042023385988
0.06460585784854292
0.06547935783317807
0.06589435211555511
0.06584691299052582
0.06533585915187116
0.06436285708835932
0.0629325180509224
0.06105248530711171
0.05873351131364995
0.05598951907387368
0.05283764697197884
0.049298271169449674
0.045395004810663254
0.04115466825607668
0.036607229873998004
0.03178571207920551
0.02672606277137654
0.021466987663426657
0.01604974459360406
0.010517896411997392
0.00491702474793081
-0.0007055974123965163
-0.0063013706203641166
-0.011820771909982687
-0.01721379056105415
-0.0224303957169596
-0.02742102911661956
-0.032137120500825476
-0.03653161756986536
-0.04055952676123377
-0.04417845558486913
-0.04734915179233528
-0.05003602932921553
-0.05220767575383086
-0.053837330724517754
-0.054903330121996226
-0.05538950556688595
-0.05528553430727169
-0.05458722993046059
-0.05329676982069249
-0.0514228510422417
-0.048980772030939826
-0.045992433486859975
-0.04248625776479557
-0.038497022276211226
-0.034065608467524516
-0.02923866430314679
-0.024068184312634584
-0.018611007697916918
-0.012928241129126807
-0.00708460928558752
-0.0011477422489148065
0.004812594809946458
0.010725318323553643
0.016518881914648256
0.022122157750569568
0.027465334627888634
0.03248081842095077
0.0371041249245877
0.0412747501544929
0.04493700791433743
0.04804081986428343
0.050542448439127786
0.05240515878922826
0.05359980139368474
0.054105303201730154
0.053909060967250316
0.05300722698707688
0.051404883541366506
0.049116099154337435
0.04616386608493324
0.042579915466924856
0.038404412920829335
0.03368553456134644
0.028478929734868222
0.022847073907298558
0.016858521432576223
0.010587064893599627
0.004110813809868358
-0.002488797760340156
-0.009128059398407419
-0.015722076545030536
-0.02218588961287951
-0.02843560682115501
-0.03438953262169459
-0.03996927800407036
-0.04510083449303049
-0.0497155985316457
-0.05375132896143546
-0.05715302564493655
-0.059873713763031945
-0.061875124069945935
-0.06312825629239781
-0.06361381896059336
-0.0633225362004097
-0.0622553183776849
-0.060423290964681485
-0.05784768251133739
-0.054559570203963216
-0.05059948803566778
-0.046016900208284195
-0.040869548829388744
-0.03522268243250101
-0.02914817807071581
-0.022723566948134915
-0.016030979441104067
-0.009156022220374371
-0.0021866056439108677
0.004788263988783624
0.011679707770270862
0.018400197628685312
0.024864759982805313
0.030992144301130724
0.03670593738454295
0.04193560929262817
0.04661747348314809
0.050695549302915616
0.05412231208278487
0.05685932205446111
0.05887772080036486
0.06015859021063233
0.060693166684494586
0.060482909755269515
0.059539422224817104
0.057884225382844386
0.0555483908014839
0.052572036596445354
0.0490036938341533
0.04489955494430849
0.04032261353147106
0.03534171081869902
0.03003050112587659
0.024466354184640923
0.018729208809770255
0.012900397332996005
0.007061456413632994
0.0012929441715872263
-0.004326720737731089
-0.009722378718514864
-0.014823192962505134
-0.019563639539751255
-0.02388441141430403
-0.027733221190033762
-0.03106549313028914
-0.033844932625246245
-0.036043967324394875
-0.03764405205657772
-0.038635835887413254
-0.03901918771535243
-0.03880308308547069
-0.038005352961655976
-0.03665230138921304
-0.034778196916132154
-0.032424648614455195
-0.029639875228140742
-0.026477881610817544
-0.022997553942207816
-0.019261690415977063
-0.01533598097373597
-0.01128795436142204
-0.007185907168739038
-0.003097833673575835
0.0009096288207614664
0.004772220850535483
0.008429034193225294
0.011823421037151198
0.014903827248756541
0.017624535416210303
0.019946308829043406
0.021836925265162083
0.023271595219325255
0.02423325717045028
0.02471274841054313
0.024708848047842253
0.02422819475576425
0.02328507992450804
0.02190112273400069
0.020104831619233446
0.01793106223986643
0.015420379768061907
0.012618338619397939
0.009574690104695548
0.006342533374457011
0.0029774219574337187
-0.00046355738806897644
-0.003922720329596815
-0.00734271803067793
-0.010667454562364372
-0.01384297217355496
-0.0168182924171433
-0.019546198186464907
-0.021983946606897162
-0.02409390018721182
-0.02584406885906328
-0.02720855330618151
-0.02816788544317855
-0.028709259883341984
-0.028826655814134412
-0.02852084676672237
-0.027799301345629794
-0.026675976019244905
-0.025171006532551318
-0.023310302389062437
-0.02112505407987443
-0.01865116037091311
-0.015928587866261362
-0.013000672362097815
-0.009913376016189085
-0.006714511258575576
-0.003452946437438265
-0.0001778046676381678
0.003062329040690346
0.006220181251282802
0.009250529881510887
0.01211090036155315
0.014762205479918182
0.017169320923903372
0.019301586097694327
0.02113322477031111
0.022643677928337613
0.023817846350565396
0.02464623839165551
0.025125023671069124
0.025255991372375865
0.025046417025140107
0.024508839581426276
0.02366075561911416
0.022524235274851014
0.021125469288909952
0.019494254059806135
0.017663426068761475
0.01566825422861801
0.013545802802477391
0.011334274368722759
0.009072345999164861
0.0067985082696237625
0.004550420009573246
0.0023642877824108675
0.0002742819967842945
-0.0016880026965159604
-0.0034940324885740573
-0.00511875926116796
-0.006540977166043714
-0.007743607611754445
-0.008713907193293381
-0.009443597915401815
-0.009928917001190692
-0.010170588401734569
-0.01017371604932271
-0.009947603634299777
-0.009505503506368307
-0.00886430186378048
-0.008044145026609708
-0.007068015903362157
-0.005961267138383611
-0.004751121434290792
-0.0034661466208482893
-0.0021357167068995126
-0.0007894669044391037
0.0005432460742794041
0.0018338707177912466
0.0030551637153536904
0.004181662429672181
0.005190117352729257
0.006059879184619048
0.006773232764510725
0.007315674406575126
0.0076761269663235656
0.00784709140544489
0.0078247314996076
0.007608892812702879
0.007203054957092712
0.006614220590820028
0.005852742436015931
0.0049320939069921535
0.003868586631732111
0.0026810422580174297
0.0013904234297296605
1.9432674645957077e-5
-0.001407914807921972
-0.002866734904182685
-0.0043317283593775095
-0.005777634777668356
-0.0071796803659865665
-0.008514009978484217
-0.009758097591700043
-0.010891126655988211
-0.011894335574154122
-0.012751321107492882
-0.013448296496498582
-0.0139742988094688
-0.01432134413822353
-0.014484527095552478
-0.01446206522343833
-0.01425528679350327
-0.013868564610977213
-0.013309196270525642
-0.0125872353472541
-0.011715275740751041
-0.010708195267443968
-0.00958286217139336
-0.008357811892710518
-0.007052898804416624
-0.005688931053778025
-0.004287293785527999
-0.0028695691876547266
-0.0014571587025638114
-7.091564792286473e-5
0.0012692068364143893
0.002544484941246864
0.003737726398111618
0.004833539255946654
0.005818564427920557
0.00668166692610283
0.007414084505906033
0.008009530261668747
0.008464249568986181
0.008777029632091782
0.008949163735889092
0.008984370145511443
0.008888669363413183
0.008670221219124077
0.00833912690461206
0.007907198704526792
0.007387703633863146
0.006795084664008964
0.0061446664745697386
0.00545234994384845
0.004734302623116688
0.004006649512854351
0.0032851712657250114
0.002585013817961462
0.001920416045782796
0.001304458745552613
0.0007488406477866896
0.00026368373672617195
-0.00014262758511096238
-0.00046357248237440386
-0.0006945816449525959
-0.0008330876205107856
-0.0008785357932416795
-0.0008323578506756708
-0.0006979074387029723
-0.0004803612132654053
-0.0001865862932345436
0.00017502148210571261
0.0005947263975417482
0.0010616634646583736
0.0015640678890547718
0.0020895174347166285
0.0026251843300247784
0.003158090478245342
0.0036753625175184133
0.0041644805872580026
0.004613517605271866
0.005011363353558237
0.005347930765293936
0.005614339457019059
0.005803074762457776
0.005908118299738016
0.0059250493960929015
0.005851114551949399
0.005685265454810223
0.0054281639483184
0.0050821556805222485
0.004651212041586117
0.004140843265051863
0.0035579834011497027
0.0029108510392978093
0.0022087874023421503
0.001462076475396867
0.0006817494599671704
-0.0001206212675375675
-0.0009331360217468528
-0.0017437841035134864
-0.0025406597795668874
-0.0033121726429822178
-0.004047249838792253
-0.0047355252347702085
-0.005367513527026233
-0.005934764999467941
-0.006429999662046266
-0.006847217326487073
-0.007181783247686709
-0.007430486861743034
-0.007591574247374402
-0.007664752870713226
-0.007651170256537635
-0.007553366153861012
-0.007375200796392914
-0.0071217597387469665
-0.00679923869760569
-0.006414809632106035
-0.005976472134468697
-0.005492891908241978
-0.0049732308177127295
-0.004426970585262825
-0.0038637347794958955
-0.003293111212467779
-0.002724479290604822
-0.0021668442268956527
-0.0016286823183707065
-0.001117798757699563
-0.0006412016328382778
-0.00020499295745397649
0.00018572032601788115
0.0005268952880315564
0.0008155997723303751
0.0010500377247224342
0.0012295518198531127
0.0013546049748909628
0.0014267403100121773
0.0014485219272627001
0.0014234568115903009
0.0013559008943386187
0.0012509501880070668
0.0011143205404925127
0.000952217343336184
0.0007711990561153006
0.0005780361024120268
0.00037956910191729016
0.00018256800095633143
-6.404044051961135e-6
-0.00018112066791717396
-0.0003358126356707852
-0.00046527754121975586
-0.0005649757938129817
-0.0006311124471300174
-0.0006607024010782999
-0.0006516191667211845
-0.0006026254036842818
-0.0005133861068995526
-0.00038446335510502295
-0.00021729418120494957
-1.415115029418339e-5
0.00022191216640406872
0.00048713064156731236
0.0007771092504375379
0.0010869162844302678
0.001411185015029552
0.0017442228325442218
0.002080124528468206
0.002412888594607287
0.0027365331556078506
0.0030452104318967684
0.0033333164701647737
0.0035955952289827738
0.0038272340349040303
0.004023949833072323
0.004182063657317312
0.004298563194892155
0.004371151376523626
0.004398281394024006
0.004379176636572911
0.004313836507882216
0.004203027186565242
0.004048258840772545
0.0038517488982304044
0.0036163733789703477
0.003345606359184963
0.003043449981125161
0.0027143554410546332
0.0023631376612727193
0.001994884314965171
0.0016148620664608784
0.0012284207929054195
0.0008408986648658245
0.00045752880807954736
8.335030106994177e-5
-0.0002768759447990359
-0.0006187439144236844
-0.0009382715692633705
-0.0012319601172370385
-0.0014968435891838925
-0.0017305269777850459
-0.0019312134849333103
-0.002097719587710619
-0.002229478917050703
-0.002326534114845773
-0.0023895180956553263
-0.002419624301632652
-0.002418567760424526
-0.002388536894541301
-0.002332138199606892
-0.0022523340126508703
-0.0021523756989791656
-0.002035732647633744
-0.001906019506139368
-0.00176692210153775
-0.0016221244679968984
-0.001475237373875108
-0.0013297306506372655
-0.0011888695604604811
-0.0010556572925749473
-0.0009327835837663059
-0.0008225812659273026
-0.0007269904316423705
-0.0006475316832456667
-0.0005852878150365037
-0.0005408950336597463
-0.0005145427160396293
-0.0005059824543434593
-0.0005145450554356526
-0.0005391659199731234
-0.0005784171798407724
-0.0006305467487802223
-0.000693522439738169
-0.0007650811052443191
-0.0008427808074996211
-0.0009240558591848585
-0.0010062726812766554
-0.0010867862915150722
-0.0011629953970672669
-0.0012323959633865297
-0.0012926313422264681
-0.0013415389662569104
-0.0013771918733069411
-0.001397935266134656
-0.0014024166051071047
-0.0013896096828894162
-0.00135883144741948
-0.001309752289387313
-0.0012423988424284228
-0.0011571502815610273
-0.0010547274415359934
-0.0009361759912254175
-0.0008028432307919738
-0.0006563499610917409
-0.0004985571918984537
-0.0003315292995756445
-0.00015749354272793695
2.120235475286238e-5
0.00020213456837886803
0.00038284774472633823
0.0005608997868341607
0.0007339051483774285
0.0008995767001020588
0.00105576456115521
0.001200492072916609
0.0013319874575664003
0.0014487114988387393
0.0015493799755218291
0.0016329813761449751
0.001698788836864983
0.001746367036867585
0.0017755732112755046
0.0017865532200037725
0.0017797320407371975
0.0017557998111418006
0.001715692972051087
0.001660571792312598
0.001591793973739216
0.0015108857306631908
0.0014195101434951293
0.0013194342458589276
0.0012124946949050987
0.001100563497720771
0.0009855136419580544
0.0008691860662985281
0.0007533577687051807
0.0006397124049767404
0.0005298130832549317
0.0004250785861335431
0.00032676260098182136
0.00023593704205012784
0.00015347889857820988
8.006152923537406e-5
1.6149681846895007e-5
-3.800100706864706e-5
-8.234090561277493e-5
-0.00011701907432835944
-0.0001423727575403295
-0.0001589132155610402
-0.0001673090179609391
-0.00016836644166736686
-0.00016300817259842573
-0.00015225002560932086
-0.00013717692259747945
-0.00011891787598948063
-9.862121960237147e-5
-7.742982786478415e-5
-5.6457529930902625e-5
-3.676641757338025e-5
-1.9346184462654282e-5
-5.095123134217346e-6
5.196178684198311e-6
1.0858911756871029e-5
1.1356962132692547e-5
6.295250427966212e-6
-4.575308882969764e-6
-2.135553383832907e-5
-4.399906487067155e-5
-7.231601327367313e-5
-0.000105979730233479
-0.00014453579377249614
-0.00018741367632690127
-0.00023394011255013436
-0.0002833545536468425
-0.000334825675263858
-0.0003874692758690081
-0.0004403665083493546
-0.0004925827613443656
-0.00054318613784326
-0.0005912658557716577
-0.0006359495505359347
-0.0006764198386313076
-0.0007119291789381339
-0.0007418134470439086
-0.0007655033350053395
-0.0007825340642680275
-0.0007925526128126832
-0.0007953230261165402
-0.0007907291076366798
-0.0007787751427431571
-0.0007595840454331046
-0.0007333936617126097
-0.0007005507050309281
-0.0006615031270716251
-0.0006167904721116614
-0.0005670330720642779
-0.0005129196856410532
-0.00045519447333816274
-0.0003946429464624831
-0.00033207779527523413
-0.0002683242476360296
-0.00020420585508069738
-0.0001405303498091001
-7.80764411411152e-5
-1.758116801997315e-5
4.027136970976437e-5
9.48603271898885e-5
0.00014563671422875035
0.0001921307584818594
0.00023395733690427593
0.00027082001520396223
0.0003025130718686372
0.00032892210757051645
0.00035002268682141427
0.00036587766981603713
0.00037663274537165026
0.000382510871636463
0.00038380518919670624
0.0003808711500098027
0.0003741174671228931
0.00036399665088395264
0.0003509947616354058
0.00033562115109531825
0.00031839783150059163
0.0002998492353784
0.0002804919987076309
0.00026082550632583067
0.00024132281229820069
0.00022242263757798843
0.0002045220265364245
0.00018797031864621627
0.00017306397794701378
0.00016004288456545034
0.00014908758787855948
0.00014031807140990336
0.0001337934857414926
0.00012951334693517912
0.00012741961681266828
0.00012740011502958488
0.00012929264591764409
0.00013289025040408197
0.00013794694168889503
0.00014418430543900718
0.0001512983097048216
0.0001589666870990873
0.0001668562326156804
0.00017463037311960954
0.0001819563615934838
0.0001885124568508315
0.0001939944621077256
0.00019812199764643473
0.00020064391018278417
0.00020134321653505853
0.0002000410200867154
0.0001965998253711852
0.00019092572915918506
0.00018296994373699152
0.0001727291718616853
0.00016024531926641143
0.00014560410378026766
0.0001289330743276846
0.00011039863443767111
9.020260582459824e-5
6.857795619196662e-5
4.5784242243681997e-5
2.2102414018869074e-5
-2.1704610828135975e-6
-2.672689490164908e-5
-5.125453856861258e-5
-7.544194131655933e-5
-9.898396049091996e-5
-0.0001215871611726126
-0.00014297467510358266
-0.00016289086749557847
-0.0001811053050088403
-0.00019741638919457637
-0.00021165417692745902
-0.0002236827715301249
-0.00023340183704469562
-0.00024074764042719929
-0.0002456932056947039
-0.00024824800549266043
-0.0002484568043294035
-0.00024639809737184404
-0.00024218178611560515
-0.00023594654934164643
-0.00022785657314398414
-0.0002180981077810342
-0.00020687553198731406
-0.0001944073958512143
-0.00018092213355382596
-0.0001666539141389239
-0.00015183832598591315
-0.00013670835410740554
-0.000121490344431467
-0.00010640039963393377
-9.164089410485368e-5
-7.739753353064034e-5
-6.383663618385414e-5
-5.110303905729471e-5
-3.931829290478533e-5
-2.8579525168567872e-5
-1.8958620767198543e-5
-1.0502075268629823e-5
-3.231156756760841e-6
2.857292393390628e-6
7.789789387823845e-6
1.1614570197079346e-5
1.439975850345921e-5
1.62310515016712e-5
1.72093120317539e-5
1.744778738858658e-5
1.7069344907368544e-5
1.6203453366917688e-5
1.4983296328334107e-5
1.3542750586431784e-5
1.20136074283967e-5
1.0522769761271057e-5
9.189790427065702e-6
8.124481030145712e-6
7.424941001030359e-6
7.175729732441888e-6
7.446513646762793e-6
8.290902790690094e-6
9.745789759778207e-6
1.1830896657558141e-5
1.4548823719841718e-5
1.7885296852914197e-5
2.1809889492178776e-5
2.6276908981507316e-5
3.1226706526402225e-5
3.6587096126811955e-5
4.227512777167591e-5
4.819889839125706e-5
5.4259635174121975e-5
6.035373607225919e-5
6.637499476791906e-5
7.221669961581313e-5
7.77738298229487e-5
8.29450462791318e-5
8.763469935196e-5
9.17545617982852e-5
9.522551074401828e-5
9.797887989716395e-5
9.99577095131422e-5
0.00010111762988098548
0.00010142761058934783
0.00010087032673367855
9.944237946263302e-5
9.71541373851733e-5
9.402944099375305e-5
9.01049512103809e-5
8.542938784738763e-5
8.006245225487603e-5
7.407368187267834e-5
6.75410421747827e-5
6.054950350779647e-5
5.3189417232027616e-5
4.5554936055704124e-5
3.7742299441778026e-5
2.984822390398344e-5
2.196822312307354e-5
1.4195090294392582e-5
6.617369480341883e-6
-6.819610751162256e-7
-7.626766898125487e-6
-1.4148784615328083e-5
-2.0188573264968445e-5
-2.5696189858424286e-5
-3.0631765985136544e-5
-3.496579840175484e-5
-3.867933281044045e-5
-4.17638663761102e-5
-4.4221150252120115e-5
-4.60627296564574e-5
-4.730940396346279e-5
-4.799045526541797e-5
-4.81428277767752e-5
-4.781011598292097e-5
-4.7041542229297045e-5
-4.589078940222321e-5
-4.441486595261149e-5
-4.26728748658504e-5
-4.0724858596749286e-5
-3.863059575218134e-5
-3.6448514618182426e-5
-3.4234601908226004e-5
-3.204146342405242e-5
-2.9917416283760282e-5
-2.7905759863472116e-5
-2.604410540818612e-5
-2.436390115814427e-5
-2.2890032701973226e-5
-2.1640624752357994e-5
-2.062692369795432e-5
-1.985337656196835e-5
-1.9317785655166085e-5
-1.901164447647493e-5
-1.8920534740772938e-5
-1.902468084587258e-5
-1.9299543201833557e-5
-1.971653858434917e-5
-2.0243771667175674e-5
-2.0846858981959597e-5
-2.1489733493704845e-5
-2.2135505446984398e-5
-2.2747273004351264e-5
-2.328895401919452e-5
-2.37260390254112e-5
-2.4026333615490766e-5
-2.4160597908621965e-5
-2.4103149048390576e-5
-2.3832342856955586e-5
-2.3330999038669647e-5
-2.2586695001691313e-5
-2.1591991516532927e-5
-2.0344524441633394e-5
-1.88470246068018e-5
-1.7107209161237535e-5
-1.5137605098988621e-5
-1.2955256960904637e-5
-1.0581377542292335e-5
-8.040901660419699e-6
-5.361999214559087e-6
-2.5755148289070666e-6
2.8561316324391924e-7
3.1869807830494625e-6
6.093345196564725e-6
8.96927125765186e-6
1.1779754873610559e-5
1.4490839789227552e-5
1.7070191141960862e-5
1.948763876795032e-5
2.1715660653031208e-5
2.3729816581501388e-5
2.5509109967581335e-5
2.7036285476856442e-5
2.829804838526798e-5
2.9285211069778766e-5
2.9992760685154013e-5
3.041985122375749e-5
3.0569722021713845e-5
3.0449543517300105e-5
3.00702000315091e-5
2.944600758766842e-5
2.8594383772857468e-5
2.7535464328829993e-5
2.629169009570954e-5
2.488735501620193e-5
2.3348144766280815e-5
2.170065202934921e-5
1.9971903218984427e-5
1.8188877286113274e-5
1.637805596609127e-5
1.4564980076503274e-5
1.2773855189442097e-5
1.1027174705331734e-5
9.34540713859424e-6
7.746708667783877e-6
6.24671090103044e-6
4.858337684793464e-6
3.5917038879500297e-6
2.45404267964024e-6
1.4497172119580226e-6
5.802560003718045e-7
-1.55528935825565e-7
-7.614088924905796e-7
-1.243527734988656e-6
-1.6101879485737015e-6
-1.8715671150501721e-6
-2.0394453527701885e-6
-2.1268730173406137e-6
-2.1478648886807302e-6
-2.1170452788252264e-6
-2.0493354594850255e-6
-1.959602478949783e-6
-1.8623654441143606e-6
-1.7714725047341875e-6
-1.6998488627323532e-6
-1.6592228258422525e-6
-1.6599341296616818e-6
-1.7107250386875254e-6
-1.8186221276115128e-6
-1.9888025677094363e-6
-2.224556383662258e-6
-2.5272317825332526e-6
-2.8962785847930727e-6
-3.329270214034698e-6
-3.822022974113633e-6
-4.368686590994128e-6
-4.9619286897076385e-6
-5.593080969554158e-6
-6.252373995742363e-6
-6.929122488785841e-6
-7.611992640090967e-6
-8.289207826497061e-6
-8.948829226715815e-6
-9.57896259979014e-6
-1.0168033070212072e-5
-1.0704974414606079e-5
-1.1179480383852447e-5
-1.1582160093150181e-5
-1.190475098790025e-5
-1.2140227196361673e-5
-1.2282962946325607e-5
-1.2328784809958333e-5
-1.2275078731165303e-5
-1.2120781621783814e-5
-1.1866429793891821e-5
-1.151409000935579e-5
-1.1067351667218835e-5
-1.0531201801898019e-5
-9.911967529353385e-6
-9.217143325246777e-6
-8.455293687710374e-6
-7.635844050579294e-6
-6.768956159856796e-6
-5.865296002168812e-6
-4.935895881377892e-6
-3.991913671297459e-6
-3.044495952911647e-6
-2.104542728006709e-6
-1.1825852705281965e-6
-2.8856922557573834e-7
5.682408487472909e-7
1.379449172704004e-6
2.137588015293883e-6
2.836268143875057e-6
3.470195454655422e-6
4.035279391225473e-6
4.528603850192535e-6
4.9484921981027764e-6
5.294432785393375e-6
5.5671025407148525e-6
5.768250635167094e-6
5.900685658638922e-6
5.968123756907013e-6
5.975146887321046e-6
5.927023924025581e-6
5.829649297570878e-6
5.6893469899195305e-6
5.512799887577704e-6
5.3068472039270165e-6
5.078415089283028e-6
4.8343178250366835e-6
4.58119964763929e-6
4.325349110322826e-6
4.0726607983232475e-6
3.828470662073543e-6
3.5975444381783757e-6
3.383939674550156e-6
3.1910254097322043e-6
3.02137422145631e-6
2.8768152329950857e-6
2.7583569993301405e-6
2.6662734209307612e-6
2.6000558397896193e-6
2.558529106490223e-6
2.5398290794464892e-6
2.5415440814530553e-6
2.560712213390612e-6
2.593981898054476e-6
2.637622142880543e-6
2.6876948854765057e-6
2.740070636498619e-6
2.790604951857606e-6
2.835151800093703e-6
2.869736673700171e-6
2.890560511551678e-6
2.8941627146057728e-6
2.8774094393234906e-6
2.837640989556678e-6
2.7726396997248214e-6
2.6807577365717983e-6
2.5608614725435024e-6
2.412437501477577e-6
2.235512228816451e-6
2.030735751757674e-6
1.7992772207732301e-6
1.5428880127341603e-6
1.2637751027903291e-6
9.646465353343415e-7
6.485664919507805e-7
3.1898733356759364e-7
-2.0408863401558118e-8
-3.656865301568671e-7
-7.128231487825566e-7
-1.0576881126078615e-6
-1.3962116668654786e-6
-1.724360759224066e-6
-2.0383048825904817e-6
-2.3343836779666412e-6
-2.6092647786844357e-6
-2.859898696614612e-6
-3.0836646935522815e-6
-3.278309543223304e-6
-3.4420786371360813e-6
-3.573636468915907e-6
-3.672181505783528e-6
-3.737347603432531e-6
-3.7693025324822975e-6
-3.7686308773689988e-6
-3.736417411845584e-6
-3.6741132764642164e-6
-3.5836065391180243e-6
-3.467074484477328e-6
-3.3270446167816608e-6
-3.166236671918276e-6
-2.9876179490688627e-6
-2.794239123543265e-6
-2.5892881076022545e-6
-2.3759238889716474e-6
-2.157333101593418e-6
-1.9365659442942228e-6
-1.7165993196042618e-6
-1.500178422594773e-6
-1.2898897136650543e-6
-1.0880110667605406e-6
-8.965970412519057e-7
-7.173395969657055e-7
-5.51667191367464e-7
-4.006170887277243e-7
-2.6494880345342256e-7
-1.450280244647431e-7
-4.095394211513713e-8
4.7546143916128e-8
1.2097698613032164e-7
1.8017185998791972e-7
2.2614232826997625e-7
2.6016822213866426e-7
2.836396770997497e-7
2.981434890877366e-7
3.05300430298141e-7
3.0685105167540165e-7
3.0449136182441924e-7
2.9996112441104137e-7
2.948808405797362e-7
2.908453254151711e-7
2.8926457966438085e-7
2.9146498353759314e-7
2.985361066222584e-7
3.114412628060813e-7
3.30871654191275e-7
3.573673247158024e-7
3.911793185431299e-7
4.324013326494717e-7
4.808398250212665e-7
5.361559534275323e-7
5.977428762991969e-7
6.648769072808217e-7
7.366006528910584e-7
8.118817764880692e-7
8.895001490958085e-7
9.682122244886111e-7
1.046640070927581e-6
1.1234391415573948e-6
1.197186920941614e-6
1.2665518271231566e-6
1.3301792566734235e-6
1.3868594778320746e-6
1.435409059966868e-6
1.4748359085038299e-6
1.5042144036300968e-6
1.522846124348139e-6
1.5301274875317523e-6
1.5257051986032934e-6
1.509335689296956e-6
1.4810348789017176e-6
1.440929264924617e-6
1.389400108548813e-6
1.3269265585510514e-6
1.2542248911029357e-6
1.1720845208120915e-6
1.0815033558860457e-6
9.83517937386631e-7
8.793363062380596e-7
7.701637849501351e-7
6.573349687866934e-7
5.42136817114787e-7
4.259414610922369e-7
3.1002828699740587e-7
1.9571920871790692e-7
8.420132777242902e-8
-2.3333853235275116e-8
-1.2586583423025368e-7
-2.2240074332809641e-7
-3.1214375509102153e-7
-3.9434867461518985e-7
-4.684866944573138e-7
-5.340894517433969e-7
-5.909138359029332e-7
-6.387784455083637e-7
-6.777245619201371e-7
-7.078463163814872e-7
-7.294483244029523e-7
-7.428702137924151e-7
-7.486417315021498e-7
-7.473025691324615e-7
-7.395559883803582e-7
-7.260850775595467e-7
-7.077060939663851e-7
-6.851823905909259e-7
-6.593787219945654e-7
-6.310740830630903e-7
-6.011181957470406e-7
-5.7024441092965e-7
-5.392294564983484e-7
-5.087073921598926e-7
-4.793335019415027e-7
-4.516000566788936e-7
-4.2600497433118096e-7
-4.028698724613025e-7
-3.8251383432126645e-7
-3.6507393472616204e-7
-3.5068414768612826e-7
-3.392982413975021e-7
-3.308735749095817e-7
-3.2519598306959616e-7
-3.220679681826726e-7
-3.211349623579537e-7
-3.2207721532918045e-7
-3.2443665341607507e-7
-3.278116305083621e-7
-3.3168349850356103e-7
-3.356133093851756e-7
-3.390671913396467e-7
-3.416140942698615e-7
-3.4274908931257263e-7
-3.420913292571455e-7
-3.392044932264493e-7
-3.337942562587779e-7
-3.255252532107902e-7
-3.1421753084250524e-7
-2.996595991932788e-7
-2.8180353743495837e-7
-2.6057391712318356e-7
-2.360614569278358e-7
-2.0832781915464454e-7
-1.775979236813967e-7
-1.4406082784142725e-7
-1.0806100527209146e-7
-6.989570172711448e-8
-3.000565201546097e-8
1.123055410001958e-8
5.330572828146945e-8
9.579207454989458e-8
1.3814975066885165e-7
1.7993654546044194e-7
2.2061506827744766e-7
2.59763438434338e-7
2.968804575120076e-7
3.3159670242334154e-7
3.6347711183707626e-7
3.922319741388417e-7
4.175164788501908e-7
4.3914121967757953e-7
4.5686840713165214e-7
4.7062166901715536e-7
4.802787765744236e-7
4.858806799028648e-7
4.874207705138173e-7
4.850532515771154e-7
4.78879110333177e-7
4.691540637331412e-7
4.5607154699708677e-7
4.399706004010575e-7
4.2111627944446e-7
3.999079342693155e-7
3.766575163499801e-7
3.5179874947415795e-7
3.256638405276936e-7
2.9869404505951385e-7
2.712152825590275e-7
2.43650577223949e-7
2.162950233277583e-7
1.8953052140279703e-7
1.6360046757472534e-7
1.3882711340247574e-7
1.1538625141658769e-7
9.352741840782954e-8
7.334873567577614e-8
5.502004901363482e-8
3.855797092749594e-8
2.4051933899140195e-8
1.1439343915643595e-8
7.344243594341244e-10
-8.196707576267874e-9
-1.540463845310152e-8
-2.10819309698926e-8
-2.5329467417476786e-8
-2.838240181860703e-8
-3.037460616866498e-8
-3.156566867192688e-8
-3.210381029067813e-8
-3.2254305922342534e-8
-3.2161231314218886e-8
-3.2077654218763543e-8
-3.212654117690528e-8
-3.25330180500951e-8
-3.338470224664813e-8
-3.4866270222063024e-8
-3.701940474456342e-8
-3.99798217157023e-8
-4.3736939510593486e-8
-4.8373428459529055e-8
-5.382462044028753e-8
-6.012055525746436e-8
-6.714506317808337e-8
-7.488019997753048e-8
-8.316485768313264e-8
-9.194141486344193e-8
-1.010136665945689e-7
-1.1029545648650382e-7
-1.1956768171184258e-7
-1.2872864801705203e-7
-1.375498672999752e-7
-1.4592786768847868e-7
-1.536385111211484e-7
-1.6058999214123087e-7
-1.6657542271676433e-7
-1.7152678257827456e-7
-1.7526555566734915e-7
-1.7775744300296616e-7
-1.788608828300752e-7
-1.785823933844319e-7
-1.768228737937818e-7
-1.7363350499235863e-7
-1.6895979667451634e-7
-1.628980414600942e-7
-1.5543713188499245e-7
-1.4671563352368947e-7
-1.367614556051876e-7
-1.2574965896505148e-7
-1.1374011929059479e-7
-1.0093622950490159e-7
-8.74207301984785e-8
-7.34154976265096e-8
-5.9015740215868326e-8
-4.4451076488223514e-8
-2.9818303171663876e-8
-1.534396776511325e-8
-1.1159031340773452e-9
1.2652514456419766e-8
2.589189199019575e-8
3.8410717432372625e-8
5.0165807618462114e-8
6.099424078152519e-8
7.088463311490974e-8
7.970703014194229e-8
8.748496183915248e-8
9.41232711877568e-8
9.968094986117251e-8
1.040969261262979e-7
1.0746372901499546e-7
1.0975130252892979e-7
1.1108159076320074e-7
1.1145048063277796e-7
1.1100342878572007e-7
1.097556666159913e-7
1.0786900869179693e-7
1.0537046985707835e-7
1.0243041198473296e-7
9.907971717668638e-8
9.548942774301642e-8
9.168662202809043e-8
8.783568391293036e-8
8.395300814550897e-8
8.019001685467108e-8
7.654679301722904e-8
7.315693311061457e-8
7.000017543655768e-8
6.718914004687268e-8
6.46809864515592e-8
6.256605668363114e-8
6.077855761076868e-8
5.938708677262067e-8
5.8304302417586364e-8
5.7579280183850915e-8
5.710610045384934e-8
5.691796307174818e-8
5.689459540025651e-8
5.7058026610907414e-8
5.7278719274755895e-8
5.75728878250462e-8
5.7807233847066545e-8
5.799771174111172e-8
5.8012753511550496e-8
5.787336968875917e-8
5.745476966322735e-8
5.678770583438853e-8
5.575840549926164e-8
5.441108848937259e-8
5.264614851588831e-8
5.0523800034337914e-8
4.7960467942806394e-8
4.503355129317019e-8
4.167601217552724e-8
3.7982255280208446e-8
3.390094109990657e-8
2.9542013707957792e-8
2.48677757272892e-8
2.0001120103287522e-8
1.4914927006885764e-8
9.74156830493985e-9
4.460699729678401e-9
-7.898771789832059e-10
-6.027949963462395e-9
-1.1114590002921449e-8
-1.6069334918217603e-8
-2.0756354888216216e-8
-2.5201004145928957e-8
-2.927439061417484e-8
-3.301122786552442e-8
-3.629274255123573e-8
-3.916578381055511e-8
-4.152402414465178e-8
-4.342828786945119e-8
-4.478602390501933e-8
-4.567284589379181e-8
-4.6010269461178036e-8
-4.5888468812814534e-8
-4.5242294925235334e-8
-4.41752797837947e-8
-4.2633962800716674e-8
-4.073318493241095e-8
-3.842877153710424e-8
-3.5844169238796545e-8
-3.294154247650543e-8
-2.984981175492424e-8
-2.6534223950373514e-8
-2.3125860522221243e-8
-1.958974126235864e-8
-1.6055861375571408e-8
-1.248588423419408e-8
-9.005768444433143e-9
-5.571093707724311e-9
-2.301322993507474e-9
8.562014036669921e-10
3.790329913044154e-9
6.56341265789349e-9
9.073692054284122e-9
1.1393906482619163e-8
1.3431993653914589e-8
1.527100431734826e-8
1.6828128371815278e-8
1.819593544956289e-8
1.9299748291138508e-8
2.0240244818824136e-8
2.094921186700908e-8
2.1533548730564105e-8
2.192944316428427e-8
2.224782225468257e-8
2.2426993269245004e-8
2.257959237936576e-8
2.2643732806408388e-8
2.2731496741746e-8
2.2778633065942147e-8
2.2894630642082452e-8
2.30110015156595e-8
2.323296861727126e-8
2.3486358685708565e-8
2.3870929276408218e-8
2.4305881696994002e-8
2.4884845913526295e-8
2.5520014924339025e-8
2.6298786476869462e-8
2.712651621151494e-8
2.80848051188257e-8
2.9072852063039326e-8
3.016737317252682e-8
3.126252768762126e-8
3.24314405686998e-8
3.356467422596719e-8
3.473332269749626e-8
3.5825994384824125e-8
3.691344610341594e-8
3.7884039154927944e-8
3.8809885241476316e-8
3.958073840516445e-8
4.027162534253381e-8
4.077514299270692e-8
4.117054810895236e-8
4.135444012031833e-8
4.141128879662967e-8
4.124248557690281e-8
4.093830586778182e-8
4.040531353571266e-8
3.973975872495882e-8
3.8853335954916485e-8
3.7848023894291304e-8
3.664020514607883e-8
3.533696068023027e-8
3.385856624434442e-8
3.231625930096741e-8
3.0633134649758177e-8
2.89234094675073e-8
2.7111733185990418e-8
2.531398277770064e-8
2.3455013129374245e-8
2.1651005960963046e-8
1.9825682877700036e-8
1.8094237847089155e-8
1.6378032397269817e-8
1.479013147300678e-8
1.3248503343109425e-8
1.1863172302827843e-8
1.0547933087035616e-8
9.409142591124828e-9
8.355946913844069e-9
7.490719082035393e-9
6.717800076060956e-9
6.135582216505463e-9
5.643760908349879e-9
5.337054468264501e-9
5.1109568745257204e-9
5.057084778531118e-9
5.067411952771799e-9
5.2312344878549464e-9
5.437865034451819e-9
5.775199133023794e-9
6.130850626105452e-9
6.592300461654256e-9
7.046453441067793e-9
7.581352626420627e-9
8.084137192718164e-9
8.644308734998879e-9
9.15007001819674e-9
9.693134373623284e-9
1.0163433258735525e-8
1.0655455732558269e-8
1.1061318577041785e-8
1.1478631846792515e-8
1.1801923160823135e-8
1.213203841600345e-8
1.2365913435446384e-8
1.2607513967935665e-8
1.2755961394437693e-8
1.2918022212884455e-8
1.2994594010181513e-8
1.3094754258349299e-8
1.3120619091136386e-8
1.3182967537659686e-8
1.3184478352262652e-8
1.3236954016167467e-8
1.3242945566148754e-8
1.3314581612015451e-8
1.335360600164343e-8
1.3471825801356418e-8
1.3569562363062438e-8
1.3757736571750699e-8
1.3934747733626122e-8
1.4210197800851594e-8
1.4480197132401945e-8
1.485275323186682e-8
1.5221494352227434e-8
1.5692720142635806e-8
1.615755247435122e-8
1.672064544081428e-8
1.7270754303118503e-8
1.7911106929641362e-8
1.8528381121988455e-8
1.9224731045123035e-8
1.9885166097422165e-8
2.061122320920763e-8
2.1286733817264164e-8
2.201313868058886e-8
2.2673626295004302e-8
2.337008249410475e-8
2.3985590314848425e-8
2.462300393744497e-8
2.51657983813598e-8
2.5718262701319246e-8
2.6164689310367903e-8
2.6611179769072733e-8
2.6943164405509908e-8
2.7268823415503192e-8
2.747492712197598e-8
2.7671872224275895e-8
2.774784040688248e-8
2.7815449689524046e-8
2.7764234426703582e-8
2.7708916086446968e-8
2.7540201167251008e-8
2.737468263362822e-8
2.7103960876945624e-8
2.684617981816231e-8
2.649347528939949e-8
2.6165159826566422e-8
2.575350108319121e-8
2.537856573908632e-8
2.4932334439216737e-8
2.4535212606094286e-8
2.4078489194802427e-8
2.3682523903981352e-8
2.3237553413481058e-8
2.286356228559404e-8
2.2449439223362624e-8
2.211454353899152e-8
2.1746205090788903e-8
2.1462994855237225e-8
2.1150570230098585e-8
2.0926648665856818e-8
2.0675196979214415e-8
2.0513110409038264e-8
2.032274075515857e-8
2.0220281393148912e-8
2.0086626153713405e-8
2.0037460006566382e-8
1.9952442335465103e-8
1.99469994753824e-8
1.9899825314895513e-8
1.9926369220026252e-8
1.9904648771374967e-8
1.9950433282659923e-8
1.9941352815852804e-8
1.9993777378785678e-8
1.9985216867034157e-8
2.00328912580615e-8
2.0014415806779423e-8
2.0048060118123735e-8
2.0011713236914786e-8
2.0024833157511546e-8
1.996568385673626e-8
1.995498077177645e-8
1.987139521146652e-8
1.983689840984618e-8
1.973053190394019e-8
1.967545388899143e-8
1.9550976184538214e-8
1.9481316273861083e-8
1.9345905864300928e-8
1.926985079875181e-8
1.9132508859408326e-8
1.9059674706965728e-8
1.893042165473491e-8
1.8871017867010933e-8
1.8760035730511755e-8
1.872400550261324e-8
1.8640795617830373e-8
1.8637008557914294e-8
1.858963221370971e-8
1.8625182681827603e-8
1.861962986540613e-8
1.869929494117302e-8
1.8739038018153662e-8
1.8864921316273823e-8
1.89506617790667e-8
1.9122053778926923e-8
1.9251687199508895e-8
1.9465133537832012e-8
1.9633920634214546e-8
1.988348739177503e-8
2.0084411131747768e-8
2.0362125365343697e-8
2.0586397484589863e-8
2.088281310340069e-8
2.112049340427786e-8
2.1425345847423984e-8
2.1666016083951555e-8
2.1968905474761225e-8
2.2202351828790056e-8
2.2493412910952347e-8
2.2710267208932275e-8
2.2980769418038746e-8
2.3173062072340265e-8
2.3415904790395777e-8
2.3577495438918804e-8
2.378757023975123e-8
2.3914432157860455e-8
2.4088824416673323e-8
2.417916584577564e-8
2.4317198793371245e-8
2.4371426152635053e-8
2.4474544142836707e-8
2.4495074677708294e-8
2.4566588699143273e-8
2.455753337457749e-8
2.4602251835109316e-8
2.45690027863621e-8
2.4592779611791334e-8
2.4541529030230078e-8
2.4550771696724505e-8
2.4488013647529823e-8
2.448918048338665e-8
2.4421219710931972e-8
2.4420352344711115e-8
2.4352865322794366e-8
2.4355183970709268e-8
2.4292854377100667e-8
2.4302442527460062e-8
2.4248699905701703e-8
2.426829723407561e-8
2.422516811304703e-8
2.4256080297394354e-8
2.422415662451611e-8
2.4266282689526043e-8
2.4244803287568575e-8
2.429676980323111e-8
2.4283805348992267e-8
2.434319286342363e-8
2.4335906656789076e-8
2.439954389619847e-8
2.4394514163784996e-8
2.4458817767904726e-8
2.445238469923557e-8
2.4513707613531616e-8
2.450232403736632e-8
2.4557298034997898e-8
2.4537848090860383e-8
2.4583681995775216e-8
2.4553757640214935e-8
2.4588476658906838e-8
2.4546577798485613e-8
2.4569189474476577e-8
2.451484910922795e-8
2.452542144011648e-8
2.4459240144656407e-8
2.445889523011001e-8
2.4382493069849174e-8
2.437331677312792e-8
2.4289204422256756e-8
2.427408477517012e-8
2.418547203402214e-8
2.416788049486329e-8
2.4078433901794297e-8
2.4062167544490594e-8
2.3975744473871898e-8
2.3964652946944323e-8
2.3885026537134347e-8
2.3882741304955e-8
2.381333773803582e-8
2.3823024624129056e-8
2.3766699262220377e-8
2.3790856593121783e-8
2.3749710046583104e-8
2.3790013901155508e-8
2.376527569794927e-8
2.3822495401685115e-8
2.3814467831371352e-8
2.3888443196225503e-8
2.3896514133967614e-8
2.3986201315298242e-8
2.4008920082170638e-8
2.4112494328193033e-8
2.4147700440581335e-8
2.4262709329053123e-8
2.43077049670084e-8
2.4431258950849066e-8
2.448301148675303e-8
2.461198904280692e-8
2.466734224751008e-8
2.4798606311301224e-8
2.4854491729761163e-8
2.498509132594104e-8
2.5038718520100705e-8
2.5166064532958708e-8
2.5215082779036197e-8
2.5337091472500842e-8
2.537970600414241e-8
2.549489407236785e-8
2.552994147049697e-8
2.563747302170184e-8
2.566444291642478e-8
2.576412635177468e-8
2.5783134870585224e-8
2.5875375699133112e-8
2.588709422636976e-8
2.5972805785767724e-8
2.597835693652751e-8
2.605883942351049e-8
2.6059663868764337e-8
2.6136462798736748e-8
2.613417407139633e-8
2.6208932792690094e-8
2.6205165475951474e-8
2.6279478084686367e-8
2.627575008761131e-8
2.6351025743328907e-8
2.6348613351948247e-8
2.6425972708196835e-8
2.642581585710825e-8
2.650600684413301e-8
2.6508648858747843e-8
2.6592003063713526e-8
2.6597561469109782e-8
2.668398680471417e-8
2.6692164005037945e-8
2.6781168369336363e-8
2.6791292995242877e-8
2.688204388926919e-8
2.6893141581014226e-8
2.698454793017827e-8
2.6995433214562727e-8
2.7086244520660717e-8
2.7095628344157643e-8
2.7184543072229876e-8
2.719114026023519e-8
2.7276918251426077e-8
2.727955449047694e-8
2.7361113404609145e-8
2.735882172315047e-8
2.7435328085178728e-8
2.7427420936796294e-8
2.749834998970123e-8
2.7484474914823712e-8
2.7549652003959796e-8
2.752981482619327e-8
2.7589427603849805e-8
2.7563991577105684e-8
2.7618573337991663e-8
2.7588231515748885e-8
2.763862365624933e-8
2.760434681376929e-8
2.7651634893315315e-8
2.76146047197516e-8
2.766004512265251e-8
2.762156911799753e-8
2.7666501139334364e-8
2.762792838494231e-8
2.767368841649257e-8
2.7636318700280752e-8
2.768415313975631e-8
2.7649160396271417e-8
2.770015285649257e-8
2.766851322053137e-8
2.7723523012260697e-8
2.7695967739798925e-8
2.7755588794790064e-8
2.773256894252133e-8
2.7797108192175158e-8
2.7778784511865478e-8
2.7848262581416296e-8
2.7834516976311882e-8
2.790868360792732e-8
2.7899145557185003e-8
2.7977522274908464e-8
2.797161243419408e-8
2.8053537681948802e-8
2.8050525951647182e-8
2.813521667788823e-8
2.8134284998654475e-8
2.822090289017075e-8
2.822120623672819e-8
2.830892092093132e-8
2.8309655007902224e-8
2.839770033398804e-8
2.8398152119108416e-8
2.8485880947160304e-8
2.8485474426465133e-8
2.8572392338548003e-8
2.857071977907446e-8
2.8656509848797772e-8
2.8653347576722602e-8
2.8737879373183645e-8
2.873318616231265e-8
2.8816508273429274e-8
2.8810414708166466e-8
2.8892734205448103e-8
2.8885513886231883e-8
2.8967165059032966e-8
2.8959201712134665e-8
2.9040606405054056e-8
2.9032348460658468e-8
2.9113971408940247e-8
2.9105888126740954e-8
2.918819292869681e-8
2.9180729108020177e-8
2.926413420939994e-8
2.9257670933813045e-8
2.9342512469767133e-8
2.9337332706649227e-8
2.9423836399486768e-8
2.942010096876492e-8
2.9508361878189064e-8
2.9506097622035e-8
2.9596074699793094e-8
2.9595170483399843e-8
2.968668701583432e-8
2.9686904742111673e-8
2.9779664662195996e-8
2.978065548422813e-8
2.987426662516835e-8
2.9875598428135404e-8
2.996959981493625e-8
2.997078993784703e-8
3.00646876666732e-8
3.0065238433578346e-8
3.0158539223353874e-8
3.015797057450121e-8
3.025021930924555e-8
3.0248105842671215e-8
3.033891359578703e-8
3.03349081495894e-8
3.0423978461747406e-8
3.041783732617959e-8
3.050498409168151e-8
3.049657929760342e-8
3.058173413062114e-8
3.057105778433853e-8
3.065427371583046e-8
3.0641434538225304e-8
3.0722876239709586e-8
3.070808859930106e-8
3.078801765562844e-8
3.077158396340577e-8
3.085033764684106e-8
3.083262271944214e-8
3.091058926059213e-8
3.089199567486816e-8
3.096958658168876e-8
3.095052605392835e-8
3.102814827722398e-8
3.100901525769384e-8
3.1087045659752775e-8
3.1068192658069756e-8
3.1146956476912425e-8
3.1128674364672594e-8
3.120842795759514e-8
3.119093280867561e-8
3.127185149650004e-8
3.125527633743937e-8
3.133745062158324e-8
3.132184354062592e-8
3.140528149042897e-8
3.139061032917767e-8
3.1475243705631593e-8
3.146140726745859e-8
3.154710687444297e-8
3.153394702087945e-8
3.1620535776035575e-8
3.1607859504152725e-8
3.169513264936805e-8
3.168272748911995e-8
3.177047228611983e-8
3.175812742517144e-8
3.184614135490239e-8
3.183366589722382e-8
3.192177316883986e-8
3.190900881260674e-8
3.1997074739852504e-8
3.198390988349589e-8
3.207185039572665e-8
3.20582259621424e-8
3.214600970531247e-8
3.213192241554697e-8
3.221957387158242e-8
3.2205072606586644e-8
3.2292665863458325e-8
3.227784717117227e-8
3.236549948902427e-8
3.235049553882811e-8
3.2438354303784015e-8
3.242332204879132e-8
3.2511551557791445e-8
3.2496657255767167e-8
3.2585425977634936e-8
3.257083407449465e-8
3.2660298919512145e-8
3.2646154669440144e-8
3.27364482925989e-8
3.272286856779629e-8
3.281409073597534e-8
3.2801152891305625e-8
3.289336131263744e-8
3.2881098666145025e-8
3.297430436891173e-8
3.2962704262667015e-8
3.305687116585085e-8
3.304587459602992e-8
3.314092300172067e-8
3.313042926433507e-8
3.322624185847262e-8
3.3216115476506165e-8
3.331254406842195e-8
3.330262636308761e-8
3.339950476832511e-8
3.338962161431984e-8
3.348677448392448e-8
3.347675003661573e-8
3.3574005617402095e-8
3.356367314551121e-8
3.3660873488125634e-8
3.365008504091434e-8
3.374709682307966e-8
3.373573187552324e-8
3.383245160223042e-8
3.382042329124639e-8
3.3916783036908864e-8
3.3904041658955674e-8
3.4000011917225496e-8
3.398654478761866e-8
3.4082133052745516e-8
3.4067964905205945e-8
3.416321219271963e-8
3.414839853628659e-8
3.424337585608935e-8
3.422799719220096e-8
3.4322796918355573e-8
3.430695356335641e-8
3.4401681632484935e-8
3.438548233224548e-8
3.4480250656319365e-8
3.4463805041396364e-8
3.455872272455656e-8
3.4542135289368967e-8
3.463730072273082e-8
3.4620660768167635e-8
3.4716156178254214e-8
3.469953486818826e-8
3.479542177468982e-8
3.4778867569397144e-8
3.487518246644567e-8
3.485871931216977e-8
3.495547663432038e-8
3.4939105063383856e-8
3.503629480742838e-8
3.5019993329644285e-8
3.511758562162757e-8
3.510131534566747e-8
3.519926491459469e-8
3.5182974005426685e-8
3.5281225948547244e-8
3.52648544368848e-8
3.536334911599066e-8
3.5346836582182506e-8
3.544551573014601e-8
3.542880602089626e-8
3.5527618497062944e-8
3.5510664157294824e-8
3.5609571542706045e-8
3.55923386383247e-8
3.56913154659004e-8
3.567378828140148e-8
3.5772827926703304e-8
3.5755006309889896e-8
3.585411999930669e-8
3.583602259983535e-8
3.593523776362345e-8
3.591689999929344e-8
3.6016260169888194e-8
3.5997729162601353e-8
3.6097289873772346e-8
3.60786244412606e-8
3.617844731983715e-8
3.6159710927986613e-8
3.625986237530681e-8
3.62411199765902e-8
3.634166493349543e-8
3.6322976780953756e-8
3.642397408931633e-8
3.6405393954636436e-8
3.650689264801375e-8
3.648846196841961e-8
3.659049840577289e-8
3.6572245728986975e-8
3.6674840954147646e-8
3.665677903075438e-8
3.6759939561178224e-8
3.67420641294934e-8
3.684578116040958e-8
3.682807378510714e-8
3.693232280154704e-8
3.6914752917907037e-8
3.701949746360281e-8
3.7002021542270254e-8
3.7107217356051665e-8
3.708978585032436e-8
3.719538160252938e-8
3.7177941962237675e-8
3.72838833649789e-8
3.7266379862976836e-8
3.7372617001456745e-8
3.7354998567014256e-8
3.746148342281993e-8
3.7443705905772316e-8
3.7550399010637913e-8
3.753242547199356e-8
3.7639296411510376e-8
3.7621101177892945e-8
3.7728131486405226e-8
3.770969847586148e-8
3.7816879484930927e-8
3.779820505880607e-8
3.7905540133625517e-8
3.788663091010393e-8
3.79941315763335e-8
3.797500218397556e-8
3.8082688733579446e-8
3.806336097481666e-8
3.817125992246859e-8
3.815175957560031e-8
3.8259898170314616e-8
3.824025388324941e-8
3.8348662598524386e-8
3.832890072598217e-8
3.843760627181658e-8
3.841775152457854e-8
3.8526778354320274e-8
3.8506849507090736e-8
3.8616214679605955e-8
3.8596225832253916e-8
3.8705939764324236e-8
3.868589652677005e-8
3.8795964597392744e-8
3.877586481860364e-8
3.8886283907900486e-8
3.886612016175491e-8
3.897687996444283e-8
3.895663846520563e-8
3.9067724679303127e-8
3.904738708603322e-8
3.915878120388034e-8
3.9138326178248416e-8
3.9250008022672365e-8
3.922941466730565e-8
3.934136420204743e-8
3.932061044235808e-8
3.943280942599984e-8
3.941187731605568e-8
3.952431081395307e-8
3.950318572009536e-8
3.9615844244106483e-8
3.9594517498372825e-8
3.970739613979319e-8
3.9685864597279074e-8
3.979896544353054e-8
3.9777232699481304e-8
3.989056309482354e-8
3.9868638148847215e-8
3.998221203589948e-8
3.9960108614960845e-8
4.007394431644058e-8
4.005168178415334e-8
4.0165800898444346e-8
4.014340029681487e-8
4.025782691065827e-8
4.023531179490223e-8
4.035007048828589e-8
4.0327462384151626e-8
4.044257818424658e-8
4.041989945227799e-8
4.05353937721139e-8
4.0512662344616154e-8
4.062855305365639e-8
4.060578382332248e-8
4.072208559898683e-8
4.0699289304125666e-8
4.081601095734943e-8
4.079319183075114e-8
4.091033924423561e-8
4.0887497581077834e-8
4.1005069195673585e-8
4.098220076249037e-8
4.110019260263853e-8
4.1077288628947504e-8
4.119569204467192e-8
4.11727411101813e-8
4.129154537320965e-8
4.126853366104196e-8
4.1387725400895785e-8
4.136463824878925e-8
4.1484204823220636e-8
4.146102769670678e-8
4.158095763145502e-8
4.155767623477182e-8
4.167795749874512e-8
4.165456123920209e-8
4.177518589112668e-8
4.175166472369405e-8
4.1872628352113907e-8
4.184897572796214e-8
4.197027522176276e-8
4.1946490269735976e-8
4.206812570194171e-8
4.204420808308024e-8
4.216618365238735e-8
4.214213681789417e-8
4.226445872543447e-8
4.224028737345071e-8
4.236296483498178e-8
4.233867581494372e-8
4.2461717444100485e-8
4.243731890652803e-8
4.256073490820645e-8
4.253623459544739e-8
4.266003405462594e-8
4.263543862783364e-8
4.275963078982178e-8
4.273494555343162e-8
4.285953647431717e-8
4.28347659579684e-8
4.295976005607588e-8
4.293490575672499e-8
4.306030648155105e-8
4.3035366471392766e-8
4.316117357105142e-8
4.313614581819465e-8
4.3262357199806104e-8
4.3237235465423254e-8
4.3363847288571345e-8
4.333862583335303e-8
4.346563228343592e-8
4.344030170999443e-8
4.356769732032316e-8
4.354225000488808e-8
4.367002771347329e-8
4.3644454803197764e-8
4.377260856761123e-8
4.37469022135845e-8
4.3875426991412596e-8
4.384957952978285e-8
4.397847149323934e-8
4.3952478597841203e-8
4.408173590255044e-8
4.405559265686821e-8
4.418521619307951e-8
4.415892206758006e-8
4.428891246801648e-8
4.426246941095711e-8
4.439283090165235e-8
4.4366240294267794e-8
4.449697902044278e-8
4.4470246253563084e-8
4.460136981392031e-8
4.4574500407728395e-8
4.470601738545347e-8
4.467901743287126e-8
4.481093770259538e-8
4.478381410413e-8
4.4916146747150515e-8
4.4888907168834385e-8
4.5021661390592275e-8
4.499431162307512e-8
4.5127496270921235e-8
4.510004244299594e-8
4.523366454831651e-8
4.5206110718154194e-8
4.534017734384649e-8
4.531252576985536e-8
4.5447041308272426e-8
4.54192942679922e-8
4.555426180446471e-8
4.552641945805821e-8
4.566184029215262e-8
4.5633901348499055e-8
4.5769777218528827e-8
4.574173858896248e-8
4.587806954416388e-8
4.58499283893655e-8
4.5986713168035446e-8
4.595846536451243e-8
4.6095702472837146e-8
4.6067344865924484e-8
4.620503352816356e-8
4.617656191445151e-8
4.631470068999909e-8
4.628611194850102e-8
4.642470142308707e-8
4.6395992870310436e-8
4.6535033737054064e-8
4.650620316232222e-8
4.664569657234137e-8
4.6616744111550213e-8
4.67566928750756e-8
4.6727617748787535e-8
4.686802523373919e-8
4.683882903463707e-8
4.6979699760785274e-8
4.695038409985514e-8
4.7091722255218465e-8
4.706228971059272e-8
4.72041014865791e-8
4.717455458812986e-8
4.731684529436298e-8
4.728718644900181e-8
4.742996224337057e-8
4.740019419113941e-8
4.7543459678808487e-8
4.751358424742745e-8
4.765734514159518e-8
4.7627364158850816e-8
4.777162372410611e-8
4.774153831040222e-8
4.7886300328097854e-8
4.785611019966069e-8
4.80013773972967e-8
4.79710814671249e-8
4.811685638928425e-8
4.808645336025596e-8
4.82327366003492e-8
4.8202223937655294e-8
4.834901634954329e-8
4.8318391406574814e-8
4.84656931531754e-8
4.843495274984744e-8
4.8582764600799745e-8
4.855190571081231e-8
4.8700226839690547e-8
4.866924614974087e-8
4.8818076859838456e-8
4.878697172285602e-8
4.89363132823748e-8
4.8905080227080096e-8
4.9054933052477046e-8
4.902357193674182e-8
4.9173937538099766e-8
4.914244557919131e-8
4.929332663613896e-8
4.926170345745655e-8
4.9413103955983106e-8
4.9381348841705384e-8
4.953327209915365e-8
4.95013864919068e-8
4.965383681719793e-8
4.962182108604058e-8
4.977480314815581e-8
4.9742659615729476e-8
4.989617865466826e-8
4.9863908489844394e-8
5.0017969760002587e-8
4.998557512952638e-8
5.014018452004307e-8
5.01076670079311e-8
5.026282990590519e-8
5.0230191185040765e-8
5.038591229236924e-8
5.035315330876222e-8
5.050943854650495e-8
5.0476560552614606e-8
5.0633413118109305e-8
5.0600417615868796e-8
5.075784247201519e-8
5.072472816971339e-8
5.088272872978359e-8
5.08494959368673e-8
5.100807630324724e-8
5.097472382103296e-8
5.1133886856027216e-8
5.1100414560736976e-8
5.12601628708534e-8
5.122656880923395e-8
5.1386905939443866e-8
5.135318971030264e-8
5.1514117713038894e-8
5.1480278121596157e-8
5.164180056849371e-8
5.160783643751531e-8
5.1769956432229464e-8
5.1735866781476704e-8
5.189858690166986e-8
5.186437187034377e-8
5.202769661538578e-8
5.199335605974063e-8
5.215728906438487e-8
5.212282171262727e-8
5.2287368939060776e-8
5.225277548795057e-8
5.2417941112910555e-8
5.2383222657315995e-8
5.254901136701747e-8
5.25141684803285e-8
5.2680585870548233e-8
5.264561971811853e-8
5.281267157501431e-8
5.277758321356878e-8
5.294527376010771e-8
5.291006474872374e-8
5.307840059135829e-8
5.3043070748348e-8
5.321205793362512e-8
5.317660873468119e-8
5.334625169526972e-8
5.3310682567879705e-8
5.348098715896318e-8
5.3445300137884546e-8
5.3616269379537714e-8
5.3580464165689494e-8
5.3752104417141397e-8
5.3716180117540466e-8
5.388849533345757e-8
5.3852451014081234e-8
5.402544582545283e-8
5.398928153745385e-8
5.4162959396875e-8
5.41266740269103e-8
5.430103957019863e-8
5.426463238645711e-8
5.44396891284898e-8
5.440315892678757e-8
5.457891107679993e-8
5.454225709314879e-8
5.471870854193211e-8
5.4681929723332785e-8
5.48590854631757e-8
5.4822181421001455e-8
5.5000045179997625e-8
5.4963014633117375e-8
5.5141591356291555e-8
5.510443435829879e-8
5.528373029023952e-8
5.524644636662646e-8
5.5426465723355776e-8
5.5389054738693884e-8
5.5569803271085186e-8
5.553226575958957e-8
5.5713749361913595e-8
5.5676085668229254e-8
5.585831034101082e-8
5.582052071691438e-8
5.600349227035446e-8
5.5965577689768126e-8
5.61493022716264e-8
5.6111262972396116e-8
5.6295747009191954e-8
5.62575834754293e-8
5.644283298100262e-8
5.640454612858875e-8
5.659056783203934e-8
5.655215661650033e-8
5.6738956717816955e-8
5.670042317561673e-8
5.688800753471924e-8
5.6849350208186286e-8
5.703772513534887e-8
5.6998945123005534e-8
5.7188116399831936e-8
5.7149213303355615e-8
5.733918741922691e-8
5.730016122829826e-8
5.7490943767818016e-8
5.745179388711544e-8
5.764339079078256e-8
5.760411697683069e-8
5.779653471371088e-8
5.7757137136220943e-8
5.795038205850268e-8
5.7910860251076656e-8
5.8104938159366824e-8
5.8065291790267507e-8
5.826020898474181e-8
5.8220439230254484e-8
5.8416202507992224e-8
5.837630822104747e-8
5.857292523120016e-8
5.853290598920216e-8
5.87303834824561e-8
5.8690240219849415e-8
5.88885849534387e-8
5.884831839837939e-8
5.9047538440577344e-8
5.900714855033124e-8
5.9207250812147745e-8
5.916673905246518e-8
5.936773137365464e-8
5.9327097215962406e-8
5.9528987912259344e-8
5.9488232939197223e-8
5.969102920807656e-8
5.96501539305253e-8
5.985386406087759e-8
5.981286879963484e-8
6.001750051783702e-8
5.997638573573122e-8
6.01819481294727e-8
6.014071482904848e-8
6.034721517043001e-8
6.030586267818205e-8
6.05133099185229e-8
6.04718396506702e-8
6.068024121666632e-8
6.063865307107946e-8
6.08480173430203e-8
6.080631229495597e-8
6.101664631709215e-8
6.097482391666862e-8
6.118613700625319e-8
6.114419782865237e-8
6.135649869697173e-8
6.131444178758898e-8
6.152773838128202e-8
6.148556478209041e-8
6.169986536050112e-8
6.165757575444359e-8
6.187288893826916e-8
6.183048230185637e-8
6.20468172936904e-8
6.20042947138029e-8
6.222165996556332e-8
6.217902141529139e-8
6.239742784379352e-8
6.235467343578208e-8
6.257412796036675e-8
6.253125911156372e-8
6.275177218474348e-8
6.270878938933677e-8
6.29303711072119e-8
6.288727422271585e-8
6.310993375712222e-8
6.306672417504155e-8
6.329047210169606e-8
6.324715008428733e-8
6.347199646449266e-8
6.342856251170722e-8
6.365451804142061e-8
6.361097377561459e-8
6.383804855327097e-8
6.37943940961431e-8
6.402259852446392e-8
6.397883507208211e-8
6.420817942569691e-8
6.416430795984277e-8
6.43948044860115e-8
6.435082430821815e-8
6.458248293887925e-8
6.453839644530098e-8
6.477122818906883e-8
6.472703530265545e-8
6.496105204554104e-8
6.491675362015719e-8
6.515196605506681e-8
6.510756315291178e-8
6.534398216145007e-8
6.529947539653209e-8
6.553711325853312e-8
6.549250316865961e-8
6.573137157285972e-8
6.56866590219415e-8
6.59267701992683e-8
6.588195582124552e-8
6.612332194453455e-8
6.607840689697948e-8
6.63210395828822e-8
6.627602518868136e-8
6.65199371795296e-8
6.647482398915786e-8
6.672002882038875e-8
6.667481834549244e-8
6.692132820234518e-8
6.687602135574255e-8
6.71238499466054e-8
6.707844818267392e-8
6.732760867370527e-8
6.728211309723959e-8
6.753261986984501e-8
6.74870315283826e-8
6.773889838837547e-8
6.769321876707242e-8
6.794645968421384e-8
6.790069138057488e-8
6.81553203367323e-8
6.810946375254967e-8
6.836549610782117e-8
6.831955316679454e-8
6.85770030856362e-8
6.853097519878653e-8
6.878985799169702e-8
6.874374701705225e-8
6.900407841717392e-8
6.89578861126992e-8
6.921968039476228e-8
6.917340770170974e-8
6.943668164643472e-8
6.939033062203967e-8
6.965509959324591e-8
6.960867206450233e-8
6.987495224517574e-8
6.982844998792813e-8
7.009625792263565e-8
7.004968265083721e-8
7.031903447603258e-8
7.027238795831579e-8
7.054330090549813e-8
7.049658520984826e-8
7.076907668283966e-8
7.072229291203635e-8
7.099638132659509e-8
7.09495321290286e-8
7.122523373963174e-8
7.117832106673332e-8
7.145565467561916e-8
7.140868122586039e-8
7.168766390560498e-8
7.164063246024749e-8
7.192128443403579e-8
7.187419604258654e-8
7.215653625744133e-8
7.210939370478202e-8
7.239344082978757e-8
7.234624728360075e-8
7.263202184246301e-8
7.258477958707186e-8
7.287230116058229e-8
7.282501266635805e-8
7.311430198845018e-8
7.306697020722989e-8
7.335804811915169e-8
7.331067543035196e-8
7.360356333075478e-8
7.355615363677181e-8
7.385087221871264e-8
7.380342814761557e-8
7.410000012027446e-8
7.405252408998522e-8
7.435097057985782e-8
7.430346772534829e-8
7.46038124048365e-8
7.455628389860929e-8
7.485854989268163e-8
7.481099978494696e-8
7.51152103719013e-8
7.506764236407604e-8
7.537382101725003e-8
7.532623826201744e-8
7.563440956783443e-8
7.558681562145581e-8
7.589700464298535e-8
7.584940351829358e-8
7.61616349945203e-8
7.611403064858437e-8
7.6428330440782e-8
7.638072670195354e-8
7.669712077897026e-8
7.664952226002924e-8
7.696803741958974e-8
7.692044824437683e-8
7.72411113635698e-8
7.719353617217654e-8
7.751637487524831e-8
7.746881789903324e-8
7.779386089464068e-8
7.774632712180061e-8
7.807360323015316e-8
7.802609681682966e-8
7.835563539721688e-8
7.83081621997901e-8
7.863999321816686e-8
7.859255825956519e-8
7.892671196114353e-8
7.887932061726485e-8
7.921582876243594e-8
7.916848654838059e-8
7.950738085062703e-8
7.946009341074611e-8
7.980140485397774e-8
7.975417894505549e-8
8.009794188695702e-8
8.005078263910991e-8
8.039703083705883e-8
8.034994469707685e-8
8.069871146564535e-8
8.065170520184004e-8
8.10030268674908e-8
8.095610687395436e-8
8.131001883421372e-8
8.126319176940996e-8
8.161973048153791e-8
8.157300387624548e-8
8.193220656467625e-8
8.188558781394328e-8
8.22474927077861e-8
8.220098868879473e-8
8.25656347049701e-8
8.251925416764654e-8
8.288668021503613e-8
8.28404305434455e-8
8.321067865754658e-8
8.316456788025107e-8
8.353767808954536e-8
8.349171525673524e-8
8.386773069239261e-8
8.38219248760002e-8
8.420088838197508e-8
8.415524849070969e-8
8.453720446303512e-8
8.449174005270667e-8
8.487673374555918e-8
8.483145407229924e-8
8.521953177578427e-8
8.517444751183587e-8
8.556565601493184e-8
8.552077768149431e-8
8.591516556530931e-8
8.587050328922132e-8
8.626812065266419e-8
8.622368560880768e-8
8.662458242396072e-8
8.658038679726653e-8
8.698461491598125e-8
8.694067086391981e-8
8.734828251990341e-8
8.730460149669231e-8
8.771565175021893e-8
8.767224650884075e-8
8.808679044474405e-8
8.804367448608895e-8
8.846176924472408e-8
8.841895592973578e-8
8.884065860844469e-8
8.87981621575699e-8
8.922353343954334e-8
8.918136852896659e-8
8.961046818422298e-8
8.956864937684591e-8
9.000154067474083e-8
8.996008367335778e-8
9.039683045252148e-8
9.035575112192748e-8
9.079641869788442e-8
9.075573404462201e-8
9.120038934987105e-8
9.11601162420447e-8
9.160882881619909e-8
9.156898571366683e-8
9.202182530645598e-8
9.19824300964033e-8
9.243946950426838e-8
9.240054159689714e-8
9.286185581099944e-8
9.282341370869223e-8
9.328907841342433e-8
9.325114424138684e-8
9.372123723134496e-8
9.36838320192693e-8
9.415843407329171e-8
9.412157899557933e-8
9.460077244756283e-8
9.456449120333021e-8
9.50483608038519e-8
9.501267660372029e-8
9.550130928367526e-8
9.546624666739189e-8
9.595973140225113e-8
9.592531608485194e-8
9.642374405244804e-8
9.639000249850447e-8
9.689346915706658e-8
9.686042866432058e-8
9.736903028638605e-8
9.733671923280639e-8
9.785055580038088e-8
9.781900270544052e-8
9.833817734674402e-8
9.830741413941376e-8
9.883203052378341e-8
9.88020881474246e-8
9.933225580292574e-8
9.930316742678546e-8
9.983899815555729e-8
9.98107984819274e-8
1.0035240617619593e-7
1.003251306023738e-7
1.0087263435039798e-7
1.0084631960641276e-7
1.0139984082224947e-7
1.0137452549770523e-7
1.0193418991307853e-7
1.0190991359225986e-7
1.0247585019436652e-7
1.0245265511113564e-7
1.0302499758598858e-7
1.030029261919429e-7
1.035818114053005e-7
1.0356090961593712e-7
1.0414648009538496e-7
1.041267936953777e-7
1.0471919494641886e-7
1.0470077271487921e-7
1.0530015609904243e-7
1.0528304955925924e-7
1.0588957007773353e-7
1.058738320555789e-7
1.0648765081730485e-7
1.064733358344289e-7
1.0709461866545204e-7
1.0708178395322212e-7
1.077107028906481e-7
1.076994084945747e-7
1.0833614038770744e-7
1.0832644908704614e-7
1.0897117678027383e-7
1.0896315311893681e-7
1.0961606656562836e-7
1.0960977808286436e-7
1.102710743143256e-7
1.1026659209406053e-7
1.1093647195877585e-7
1.109338695880563e-7
1.116125443094197e-7
1.1161189956251729e-7
1.1229958553191555e-7
1.1230097895139351e-7
1.1299790244682516e-7
1.130014179351722e-7
1.1370781158788551e-7
1.1371353715449513e-7
1.144296430552828e-7
1.1443767093413476e-7
1.1516373985595705e-7
1.1517416615683469e-7
1.159104588449822e-7
1.1592338470649516e-7
1.1667017016478824e-7
1.1668570065811638e-7
1.1744326019047245e-7
1.1746150651194997e-7
1.1823013057618638e-7
1.1825120774433022e-7
1.1903119986764111e-7
1.190552296928559e-7
1.1984690430322517e-7
1.1987401348505688e-7
1.2067769710913665e-7
1.207080194458381e-7
1.2152405280707576e-7
1.2155772837374403e-7
1.2238646575498904e-7
1.2242364177592557e-7
1.2326545217620168e-7
1.233062824102328e-7
1.2416155025638404e-7
1.242061979233715e-7
1.250753237545496e-7
1.2512395907102804e-7
1.260073617820417e-7
1.260601634720213e-7
1.2695827873666656e-7
1.2701543584007658e-7
1.279287182704489e-7
1.279904303305702e-7
1.2891935599954253e-7
1.289858316944697e-7
1.2993089776829528e-7
1.300023584209576e-7
1.3096408411692164e-7
1.3104076178415046e-7
1.3201969139319185e-7
1.3210183134678672e-7
1.3309853444868166e-7
1.331863961452462e-7
1.342014679617732e-7
1.3429532494779907e-7
1.353293914519677e-7
1.3542953271504172e-7
1.3648325017560557e-7
1.3658998175353098e-7
1.3766403643756322e-7
1.3777768281521893e-7
1.388727972936621e-7
1.3899370061158124e-7
1.4011063395149272e-7
1.4023915647525573e-7
1.4137870875542036e-7
1.4151523563527613e-7
1.4267824595579324e-7
1.4282318569385643e-7
1.4401053833130407e-7
1.4416432442977338e-7
1.4537695265805834e-7
1.4554004524743322e-7
1.4677893191677257e-7
1.4695182122272582e-7
1.4821800462929916e-7
1.4840121160315237e-7
1.4969578780406113e-7
1.498898666765031e-7
1.5121399527727581e-7
1.5141953776545722e-7
1.5277444560619656e-7
1.5299208162294083e-7
1.5437906880781642e-7
1.5460947096444436e-7
1.5602991350135084e-7
1.562738020008335e-7
1.577291614736305e-7
1.5798730453767636e-7
1.5947913396902989e-7
1.5975235449885902e-7
1.6128230321152468e-7
1.6157148421217148e-7
1.6314130863739743e-7
1.6344739440989316e-7
1.6505896542403364e-7
1.6538297075191585e-7
1.6703828450794585e-7
1.6738130093396241e-7
1.6908248736164384e-7
1.6944568857915666e-7
1.7119502580270414e-7
1.715796753517304e-7
1.7337960056896634e-7
1.7378706145503195e-7
1.7564018661422477e-7
1.760719306924163e-7
1.7798105993076934e-7
1.784386769855242e-7
1.8040682196682198e-7
1.8089203296948195e-7
1.8292243457358648e-7
1.8343710455899167e-7
1.8553325468201298e-7
1.8607940960201504e-7
1.882450762908622e-7
1.8882491468515786e-7
1.910641724033295e-7
1.9168008972960277e-7
1.9399734682258702e-7
1.946519524872616e-7
1.970519930457309e-7
1.977481380314599e-7
2.002361570007136e-7
2.0097695835492808e-7
2.0355861047241382e-7
2.0434748523816145e-7
2.0702893787004482e-7
2.078696328473886e-7
2.1065762611849186e-7
2.1155426729296324e-7
2.1445618012360777e-7
2.1541331069961884e-7
2.184372430748296e-7
2.194598821302931e-7
2.2261474567605253e-7
2.2370844736070452e-7
2.270040684117886e-7
2.281749950883952e-7
2.3162224070048103e-7
2.3287724576772355e-7
2.3648816508113602e-7
2.3783488957523535e-7
2.4162288060249547e-7
2.430698691479468e-7
2.4704987788151683e-7
2.4860671081381e-7
2.5279546420455893e-7
2.544729193180988e-7
2.588892036856375e-7
2.606994425506808e-7
2.653644356370983e-7
2.673212325674302e-7
2.722589077243609e-7
2.7437792080575663e-7
2.7961552915047624e-7
2.81914628731854e-7
2.874832970658235e-7
2.8998297118894757e-7
2.959184312441001e-7
2.9864227628611135e-7
3.049857750607632e-7
3.079611073460032e-7
3.1476054608400297e-7
3.1801916718248365e-7
3.2533054739149253e-7
3.289097058492857e-7
3.3679898080303345e-7
3.407426012151241e-7
3.4928808500714707e-7
3.536483547138534e-7
3.629438941292388e-7
3.6778333999901365e-7
3.7794257611361526e-7
3.8333682139936555e-7
3.9449900141697777e-7
4.0054050434888703e-7
4.128786101072836e-7
4.19681816796386e-7
4.334142114361441e-7
4.41122846564013e-7
4.565304759720445e-7
4.6532813959310393e-7
4.827808809214552e-7
4.929069884714443e-7
5.129058173701453e-7
5.246805561616542e-7
5.479288494881647e-7
5.61794308540918e-7
5.893271904752891e-7
6.059196677698083e-7
6.393615575963562e-7
6.596500542727765e-7
7.017987277227861e-7
7.273834192896185e-7
7.838211592809616e-7
8.17697491081531e-7
9.030230949457276e-7
9.521246327689001e-7
1.1449383461384535e-6
