2.750127169128676e-16
0.007060395269182055
0.014120730652395311
0.02118094627659393
0.02824098229456986
0.035300778897853644
0.04236027632959214
0.049419414897397845
0.056478134986160555
0.06353637707081516
0.07059408172905807
0.07765118965400496
0.08470764166678332
0.09176337872905162
0.09881834195543969
0.10587247262590169
0.11292571219797652
0.11997800231894823
0.12702928483789938
0.13407950181765227
0.14112859554659013
0.14817650855035364
0.1552231836034052
0.16226856374045667
0.16931259226775314
0.17635521277420804
0.18339636914238458
0.19043600555931722
0.19747406652716853
0.20451049687371636
0.21154524176266695
0.21857824670378867
0.2256094575628626
0.2326388205714455
0.2396662823364406
0.24669178984947382
0.25371529049606967
0.2607367320646253
0.2677560627551782
0.2747732311879653
0.2817881864117692
0.2888008779120515
0.2958112556188671
0.3028192699145611
0.3098248716412428
0.31682801210803724
0.3238286430981117
0.3308267168754757
0.3378221861915531
0.3448150042915255
0.3518051249204464
0.3587925023291244
0.3657770912797754
0.37275884705144446
0.37973772544519513
0.38671368278906815
0.3936866759428088
0.40065666230236374
0.4076235998041473
0.41458744692907834
0.42154816270638895
0.4285057067172054
0.43546003909790265
0.44241112054323417
0.44935891230923836
0.45630337621592254
0.4632444746497285
0.4701821705657777
0.4771164274899033
0.4840472095204655
0.49097448132995747
0.4978982081664015
0.5048183558545379
0.5117348907968118
0.5186477799741561
0.525556990946579
0.5324624918535538
0.5393642514142168
0.5462622389273778
0.5531564242713408
0.5600467779035455
0.5669332708600264
0.5738158747546974
0.5806945617784626
0.5875693046981583
0.5944400768553288
0.6013068521648406
0.6081696051133366
0.6150283107575371
0.6218829447223885
0.6287334831990634
0.6355799029428201
0.6424221812707169
0.6492602960591954
0.6560942257415272
0.6629239493051335
0.6697494462887789
0.6765706967796452
0.6833876814102855
0.6902003813554666
0.6970087783288997
0.7038128545798665
0.7106125928897407
0.7174079765684123
0.7241989894506159
0.7309856158921675
0.7377678407661136
0.7445456494587953
0.7513190278658327
0.7580879623880307
0.7648524399272123
0.7716124478819805
0.7783679741434137
0.7851190070906979
0.7918655355866977
0.798607548973471
0.8053450370677301
0.8120779901562513
0.8188063989912379
0.8255302547856387
0.8322495492084244
0.8389642743798265
0.84567442286654
0.8523799876768942
0.8590809622559926
0.8657773404808267
0.8724691166553652
0.8791562855056205
0.8858388421746979
0.8925167822178257
0.8991901015973728
0.9058587966778548
0.9125228642209287
0.9191823013803817
0.9258371056971154
0.932487275094126
0.9391328078714848
0.9457737027013193
0.9524099586227982
0.9590415750371215
0.9656685517025169
0.9722908887292471
0.9789085865746254
0.9855216460380463
0.9921300682560271
0.9987338546972687
1.0053330071577302
1.0119275277557254
1.0185174189270363
1.0251026834200507
1.0316833242909214
1.0382593448987492
1.044830748900793
1.0513975402477043
1.0579597231787903
1.064517302217307
1.0710702821657794
1.077618668101355
1.0841624653711885
1.0907016795878577
1.0972363166248138
1.103766382611868
1.110291883930709
1.116812827210461
1.123329219323274
1.1298410673799546
1.136348378725632
1.1428511609354661
1.1493494218103886
1.1558431693728892
1.1623324118628393
1.1688171577333561
1.1752974156467069
1.1817731944702563
1.1882445032724527
1.194711351318858
1.201173748068221
1.2076317031685868
1.2140852264534576
1.220534327937988
1.2269790178152309
1.233419306452418
1.239855204387291
1.2462867223244725
1.2527138711318806
1.2591366618371862
1.2655551056243164
1.2719692138299976
1.2783789979403462
1.2847844695874988
1.2911856405462883
1.2975825227309619
1.303975128191944
1.3103634691126405
1.3167475578062864
1.3231274067128367
1.3295030283959006
1.3358744355397176
1.342241640946175
1.348604657531869
1.354963498325208
1.3613181764635567
1.3676687051904217
1.3740150978526793
1.3803573678978442
1.386695528871379
1.3930295944140425
1.399359578259282
1.4056854942306625
1.4120073562393367
1.4183251782815545
1.4246389744362111
1.4309487588624354
1.4372545457972152
1.4435563495530612
1.4498541845157091
1.4561480651418592
1.462438005956953
1.4687240215529869
1.475006126586362
1.4812843357757706
1.4875586639001173
1.4938291257964784
1.5000957363580931
1.5063585105323907
1.5126174633190528
1.5188726097681098
1.5251239649780686
1.5313715440940765
1.5376153623061162
1.5438554348472346
1.5500917769918026
1.556324404053807
1.5625533313851738
1.568778574374125
1.57500014844356
1.581218069049475
1.587432351679406
1.5936430118509046
1.5998500651100436
1.6060535270299479
1.6122534132093578
1.618449739271218
1.6246425208612956
1.6308317736468245
1.6370175133151772
1.643199755572563
1.6493785161427545
1.655553810765836
1.6617256551969815
1.6678940652052547
1.674059056572438
1.6802206450918806
1.6863788465673752
1.6925336768120567
1.6986851516473247
1.704833286901789
1.7109780984102383
1.717119602012631
1.7232578135531083
1.7293927488790293
1.735524423840028
1.7416528542870895
1.74777805607165
1.7539000450447155
1.760018837056001
1.7661344479530894
1.7722468935806113
1.7783561897794427
1.7844623523859224
1.7905653972310878
1.796665340139929
1.8027621969306629
1.8088559834140214
1.8149467153925611
1.821034408659988
1.8271190790004994
1.8332007421881433
1.8392794139861943
1.845355110146544
1.8514278464091096
1.8574976385012576
1.8635645021372411
1.8696284530176543
1.8756895068289015
1.88174767924268
1.8878029859154783
1.8938554424880876
1.8999050645851274
1.9059518678145866
1.911995867767374
1.9180370800168869
1.9240755201185882
1.9301112036096002
1.9361441460083082
1.9421743628139767
1.9482018695063796
1.9542266815454412
1.9602488143708865
1.9662682834019078
1.9722851040368388
1.9782992916528406
1.9843108616056007
1.9903198292290387
1.996326209835026
2.002330018713115
2.008331271130277
2.0143299823306515
2.0203261675353046
2.0263198419419974
2.0323110207249635
2.038299719034696
2.044285951997743
2.050269734716512
2.056251082269086
2.0622300097090402
2.0682065320652785
2.0741806643418683
2.08015242151789
2.086121818547288
2.092088870358738
2.098053591855513
2.1040159979153645
2.1099761033904048
2.115933923107001
2.121889471865675
2.1278427644410063
2.1337938155815497
2.139742640009753
2.145689252421881
2.151633667487954
2.157575899851683
2.163515964130413
2.1694538749150807
2.1753896467701663
2.1813232942336587
2.1872548318170244
2.193184274005181
2.1991116352564775
2.2050369300026817
2.210960172648967
2.2168813775739107
2.222800559129494
2.2287177316411073
2.234632909407562
2.240546106701104
2.246457337767436
2.25236661682574
2.2582739580687075
2.264179375662572
2.2700828837471483
2.2759844964358726
2.2818842278158504
2.287782091947904
2.2936781028666293
2.299572274580452
2.3054646210716903
2.3113551562966186
2.3172438941855384
2.323130848642851
2.3290160335471306
2.334899462751207
2.3407811500822477
2.3466611093418424
2.3525393543060944
2.3584158987257107
2.3642907563260986
2.3701639408074664
2.3760354658449194
2.3819053450885694
2.3877735921636387
2.39364022067057
2.3995052441851406
2.405368676258576
2.4112305304176673
2.417090820164894
2.422949558978542
2.4288067603128325
2.4346624375980475
2.4405166042406607
2.4463692736234677
2.4522204591057215
2.4580701740232676
2.4639184316886844
2.4697652453914207
2.47561062839794
2.4814545939518644
2.48729715527412
2.4931383255630872
2.498978117994747
2.5048165457228375
2.5106536218790025
2.5164893595729505
2.5223237718926095
2.5281568719042853
2.533988672652823
2.5398191871617675
2.5456484284335263
2.5514764094495357
2.5573031431704245
2.5631286425361846
2.5689529204663355
2.574775989860099
2.580597863596567
2.586418554534877
2.5922380755143837
2.598056439354836
2.6038736588565534
2.6096897468006013
2.6155047159489735
2.6213185790447677
2.6271313488123695
2.6329430379576335
2.6387536591680654
2.6445632251130067
2.6503717484438205
2.656179241794074
2.661985717779731
2.6677911889993333
2.6735956680341935
2.679399167448583
2.6852016997899226
2.691003277588972
2.6968039133600255
2.7026036196010987
2.7084024087941296
2.714200293405165
2.7199972858845602
2.7257933986671734
2.7315886441725605
2.7373830348051746
2.7431765829545602
2.7489693009955554
2.7547612012884857
2.7605522961793687
2.7663425980001097
2.772132119068704
2.7779208716894375
2.7837088681530893
2.7894961207371316
2.7952826417059344
2.801068443310967
2.8068535377910035
2.812637937372323
2.818421654268919
2.8242047006826994
2.829987088803695
2.8357688308102644
2.8415499388692997
2.847330425136433
2.8531103017562423
2.8588895808624617
2.8646682745781855
2.8704463950160775
2.8762239542785797
2.88200096445812
2.887777437637322
2.8935533858892124
2.8993288212774315
2.9051037558564445
2.910878201671749
2.916652170760085
2.9224256751496487
2.928198726860299
2.9339713379037717
2.9397435202838893
2.9455152859967724
2.9512866470310524
2.957057615368082
2.9628282029821476
2.9685984218406825
2.974368283904478
2.9801378011278956
2.985906985459083
2.9916758488401833
2.997444403207549
3.003212660491957
3.0089806326188206
3.014748331508402
3.0205157690760287
3.026282957232304
3.0320499078833234
3.037816632930888
3.043583144272717
3.049349453802665
3.055115573410933
3.0608815149842856
3.066647290406263
3.0724129115573966
3.0781783903154247
3.0839437385555053
3.089708968150432
3.0954740909708485
3.101239118885464
3.1070040637612664
3.112768937463739
3.118533751857075
3.1242985188043924
3.130063250167948
3.135827957809354
3.141592653589793
3.1473573493702323
3.1531220570116387
3.1588867883751943
3.164651555322511
3.170416369715847
3.17618124341832
3.1819461882941225
3.1877112162087373
3.193476339029154
3.199241568624081
3.2050069168641615
3.2107723956221896
3.2165380167733235
3.2223037921953006
3.228069733768653
3.2338358533769216
3.239602162906869
3.2453686742486987
3.251135399296263
3.2569023499472824
3.2626695381035575
3.268436975671184
3.274204674560766
3.279972646687629
3.2857409039720373
3.2915094583394033
3.297278321720503
3.3030475060516906
3.308817023275109
3.3145868853389038
3.3203571041974387
3.3261276918115046
3.3318986601485334
3.337670021182814
3.3434417868956974
3.349213969275815
3.3549865803192875
3.3607596320299375
3.366533136419501
3.3723071055078373
3.3780815513231417
3.3838564859021543
3.3896319212903743
3.3954078695422645
3.401184342721466
3.4069613529010065
3.4127389121635088
3.4185170326014007
3.4242957263171245
3.4300750054233435
3.435854882043153
3.4416353683102865
3.447416476369322
3.4531982183758916
3.4589806064968873
3.4647636529106673
3.4705473698072633
3.476331769388583
3.482116863868619
3.487902665473652
3.4936891864424546
3.4994764390264974
3.5052644354901488
3.5110531881108824
3.516842709179477
3.5226330110002175
3.5284241058911006
3.5342160061840313
3.540008724225026
3.545802272374412
3.5515966630070257
3.557391908512413
3.563188021295026
3.5689850137744212
3.574782898385456
3.580581687578487
3.5863813938195612
3.592182029590614
3.597983607389664
3.603786139731003
3.6095896391453928
3.615394118180253
3.6211995893998554
3.627006065385512
3.632813558735766
3.6386220820665796
3.6444316480115213
3.650242269221953
3.6560539583672167
3.661866728134819
3.667680591230613
3.6734955603789845
3.679311648323033
3.68512886782475
3.6909472316652026
3.6967667526447094
3.7025874435830195
3.7084093173194876
3.7142323867132507
3.720056664643402
3.7258821640091613
3.7317088977300505
3.73753687874606
3.7433661200178188
3.7491966345267635
3.755028435275301
3.760861535286977
3.7666959476066357
3.7725316853005837
3.7783687614567487
3.7842071891848392
3.7900469816164994
3.795888151905466
3.801730713227722
3.8075746787816462
3.8134200617881655
3.8192668754909014
3.8251151331563182
3.830964848073865
3.836816033556119
3.842668702938926
3.8485228695815388
3.854378546866754
3.8602357482010445
3.8660944870146925
3.8719547767619185
3.8778166309210103
3.8836800629944457
3.8895450865090164
3.895411715015948
3.901279962091017
3.907149841334667
3.9130213663721203
3.918894550853487
3.924769408453876
3.9306459528734923
3.9365241978377443
3.942404157097339
3.948285844428379
3.954169273632456
3.960054458536735
3.965941412994048
3.9718301508829676
3.9777206861078964
3.983613032599134
3.9895072043129574
3.9954032152316823
4.001301079363736
4.007200810743714
4.0131024234324375
4.019005931517015
4.024911349110879
4.030818690353847
4.0367279694121505
4.042639200478481
4.048552397772024
4.054467575538479
4.060384748050092
4.0663039296056755
4.072225134530619
4.0781483771769045
4.084073671923109
4.090001033174405
4.095930475362562
4.101862012945928
4.10779566040942
4.1137314322645055
4.119669343049173
4.125609407327904
4.131551639691632
4.1374960547577055
4.143442667169834
4.1493914915980366
4.15534254273858
4.161295835313911
4.1672513840725856
4.173209203789182
4.179169309264222
4.185131715324074
4.191096436820848
4.197063488632298
4.203032885661696
4.209004642837718
4.214978775114307
4.220955297470547
4.226934224910501
4.2329155724630745
4.238899355181843
4.24488558814489
4.250874286454623
4.256865465237589
4.2628591396442825
4.268855324848935
4.27485403604931
4.280855288466471
4.286859097344561
4.2928654779505475
4.298874445573985
4.304886015526746
4.310900203142747
4.316917023777679
4.3229364928087
4.3289586256341455
4.334983437673206
4.34101094436561
4.347041161171278
4.353074103569986
4.359109787060999
4.3651482271627
4.371189439412213
4.377233439365
4.383280242594459
4.389329864691499
4.395382321264107
4.4014376279369065
4.407495800350684
4.413556854161932
4.419620805042345
4.4256876686783295
4.431757460770477
4.437830197033043
4.443905893193392
4.449984564991443
4.456066228179087
4.462150898519599
4.468238591787026
4.474329323765565
4.480423110248924
4.486519967039658
4.492619909948499
4.4987229547936645
4.504829117400144
4.510938413598975
4.517050859226497
4.523166470123586
4.529285262134871
4.535407251107937
4.541532452892497
4.547660883339558
4.553792558300557
4.559927493626478
4.566065705166956
4.572207208769348
4.578352020277798
4.584500155532262
4.59065163036753
4.596806460612211
4.602964662087706
4.609126250607148
4.615291241974331
4.621459651982605
4.62763149641375
4.633806791036832
4.639985551607023
4.64616779386441
4.652353533532762
4.65854278631829
4.664735567908369
4.670931893970229
4.677131780149639
4.683335242069543
4.689542295328682
4.695752955500181
4.701967238130111
4.708185158736026
4.714406732805461
4.720631975794412
4.72686090312578
4.733093530187785
4.739329872332352
4.745569944873471
4.751813763085511
4.758061342201517
4.7643126974114764
4.770567843860533
4.776826796647196
4.7830895708214936
4.789356181383108
4.795626643279469
4.801900971403817
4.808179180593225
4.814461285626599
4.820747301222633
4.827037242037727
4.8333311226638775
4.839628957626525
4.845930761382371
4.852236548317151
4.858546332743375
4.864860128898032
4.8711779509402495
4.877499812948924
4.883825728920304
4.890155712765544
4.896489778308208
4.902827939281742
4.909170209326907
4.9155166019891645
4.92186713071603
4.928221808854378
4.934580649647718
4.940943666233411
4.9473108716398695
4.953682278783686
4.960057900466751
4.9664377493733
4.972821838066945
4.979210178987643
4.985602784448624
4.991999666633299
4.998400837592087
5.004806309239241
5.011216093349589
5.017630201555271
5.0240486453424005
5.030471436047706
5.036898584855114
5.043330102792296
5.049766000727169
5.056206289364356
5.062650979241599
5.0691000807261295
5.075553604011
5.082011559111366
5.088473955860728
5.094940803907135
5.101412112709331
5.10788789153288
5.11436814944623
5.120852895316748
5.127342137806697
5.133835885369198
5.140334146244121
5.146836928453954
5.153344239799632
5.159856087856313
5.166372479969127
5.172893423248878
5.179418924567719
5.185948990554773
5.192483627591729
5.199022841808398
5.205566639078231
5.212115025013808
5.21866800496228
5.225225584000797
5.231787766931882
5.238354558278793
5.2449259622808375
5.251501982888665
5.258082623759536
5.26466788825255
5.271257779423862
5.2778523000218565
5.284451452482319
5.291055238923559
5.297663661141541
5.304276720604961
5.3108944184503395
5.31751675547707
5.324143732142465
5.330775348556789
5.337411604478268
5.344052499308102
5.350698032085461
5.357348201482471
5.364003005799205
5.370662442958658
5.3773265105017325
5.383995205582214
5.390668524961762
5.397346465004889
5.404029021673966
5.410716190524222
5.41740796669876
5.424104344923594
5.430805319502692
5.437510884313047
5.44422103279976
5.450935757971163
5.457655052393948
5.4643789081883485
5.4711073170233355
5.477840270111857
5.484577758206116
5.491319771592889
5.498066300088889
5.504817333036173
5.5115728592976065
5.518332867252375
5.525097344791556
5.531866279313754
5.5386396577207915
5.545417466413474
5.552199691287419
5.558986317728971
5.565777330611175
5.572572714289847
5.579372452599721
5.586176528850687
5.592984925824121
5.599797625769301
5.606614610399942
5.6134358608908075
5.620261357874454
5.62709108143806
5.633925011120391
5.64076312590887
5.647605404236766
5.654451823980524
5.6613023624571985
5.66815699642205
5.675015702066251
5.681878455014747
5.688745230324258
5.695616002481429
5.702490745401125
5.709369432424889
5.716252036319561
5.723138529276041
5.730028882908247
5.736923068252209
5.743821055765371
5.750722815326033
5.757628316233007
5.764537527205431
5.771450416382775
5.778366951325049
5.7852870990131855
5.792210825849629
5.799138097659122
5.8060688796896835
5.813003136613809
5.819940832529858
5.826881930963665
5.833826394870348
5.840774186636353
5.8477252680816845
5.854679600462382
5.861637144473198
5.8685978602505084
5.875561707375439
5.882528644877223
5.889498631236778
5.896471624390519
5.903447581734392
5.910426460128143
5.917408215899812
5.924392804850463
5.93138018225914
5.938370302888062
5.945363120988033
5.952358590304112
5.959356664081475
5.96635729507155
5.9733604355383445
5.980366037265026
5.98737405156072
5.9943844292675355
6.001397120767818
6.008412075991622
6.015429244424409
6.022448575114962
6.029470016683518
6.036493517330113
6.043519024843146
6.050546486608142
6.0575758496167245
6.064607060475798
6.07164006541692
6.078674810305871
6.085711240652419
6.0927493016202705
6.099788938037203
6.106830094405379
6.113872714911834
6.12091674343913
6.127962123576182
6.135008798629233
6.142056711632997
6.149105805361935
6.156156022341688
6.163207304860639
6.17025959498161
6.177312834553685
6.1843669652241475
6.191421928450536
6.1984776655128035
6.205534117525582
6.212591225450529
6.219648930108772
6.226707172193427
6.233765892282189
6.2408250308499955
6.247884528281733
6.254944324885018
6.262004360902993
6.269064576527192
6.276124911910405
