0.010050006667940037
0.010046870687105896
0.010037464871962401
0.010021795602662632
0.009999873506385804
0.00997171344773428
0.00993733451531115
0.00989676000450013
0.00985001739647547
0.00979713833347571
0.00973815859038099
0.009673118042639369
0.009602060630593282
0.009525034320262814
0.009442091060647743
0.009353286737615499
0.009258681124447176
0.009158337829118488
0.009052324238397
0.008940711458841573
0.008823574254793614
0.008700990983453963
0.008573043527142617
0.008439817222841744
0.008301400789125758
0.00815788625058467
0.008009368859849673
0.007855947017332051
0.007697722188788409
0.00753479882082695
0.007367284254470873
0.007195288636896054
0.007018924831461007
0.006838308326147697
0.006653557140532063
0.006464791731403071
0.006272134897148975
0.006075711681028946
0.005875649273447442
0.00567207691334789
0.005465125788840881
0.005254928937180856
0.005041621144203538
0.004825338843334618
0.004606220014278269
0.004384404081491744
0.004160031812550298
0.003933245216503782
0.003704187442324135
0.0034730026775398534
0.0032398360471508868
0.0030048335129144593
0.002768141773089124
0.002529908162721403
0.0022902805545560543
0.002049407260647791
0.0018074369347489772
0.0015645184755444625
0.0013208009308014192
0.0010764334024985312
0.0008315649529956513
0.0005863445123015425
0.00034092078649396884
9.544216734311639e-5
-0.00014994335681413841
-0.0003950882889047351
-0.000639845709613694
-0.0008840693625042724
-0.0011276137377292798
-0.0013703341543019173
-0.0016120868408974925
-0.0018527290151603667
-0.002092118961493203
-0.002330116107308566
-0.0025665810977254008
-0.0028013758686957135
-0.003034363718549123
-0.0032654093779454973
-0.003494379078228118
-0.0037211406181721024
-0.003945563429124871
-0.004167518638537512
-0.004386879131887816
-0.004603519612997537
-0.004817316662748154
-0.005028148796201056
-0.005235896518129533
-0.005440442376971403
-0.005641671017212383
-0.005839469230211523
-0.0060337260034811595
-0.006224332568434825
-0.0064111824466174675
-0.006594171494433199
-0.006773197946386436
-0.006948162456853087
-0.007118968140398795
-0.007285520610661891
-0.007447728017819032
-0.007605501084651752
-0.007758753141232488
-0.007907400158248675
-0.008051360778983701
-0.00819055634997343
-0.00832491095035698
-0.008454351419940293
-0.008578807385990884
-0.008698211288781862
-0.008812498405903035
-0.008921606875356524
-0.009025477717453923
-0.009124054855531565
-0.00921728513549991
-0.009305118344242575
-0.009387507226879845
-0.00946440750291097
-0.009535777881248732
-0.009601580074159184
-0.009661778810118652
-0.009716341845599311
-0.009765239975793882
-0.009808447044289086
-0.009845939951696784
-0.009877698663250651
-0.009903706215375561
-0.009923948721235759
-0.009938415375267089
-0.009947098456697627
-0.009949993332059964
-0.009947098456697629
-0.009938415375267089
-0.009923948721235757
-0.009903706215375563
-0.009877698663250651
-0.009845939951696782
-0.009808447044289086
-0.009765239975793882
-0.009716341845599311
-0.009661778810118656
-0.009601580074159186
-0.009535777881248732
-0.009464407502910971
-0.009387507226879845
-0.009305118344242571
-0.00921728513549991
-0.009124054855531567
-0.00902547771745392
-0.008921606875356522
-0.008812498405903034
-0.00869821128878186
-0.00857880738599088
-0.00845435141994029
-0.008324910950356978
-0.008190556349973429
-0.0080513607789837
-0.007907400158248673
-0.007758753141232483
-0.0076055010846517515
-0.007447728017819027
-0.007285520610661888
-0.007118968140398793
-0.006948162456853088
-0.006773197946386436
-0.006594171494433197
-0.006411182446617467
-0.006224332568434824
-0.006033726003481159
-0.005839469230211521
-0.005641671017212382
-0.005440442376971401
-0.005235896518129532
-0.0050281487962010535
-0.0048173166627481535
-0.004603519612997535
-0.004386879131887815
-0.0041675186385375105
-0.0039455634291248685
-0.0037211406181721007
-0.0034943790782281164
-0.0032654093779454947
-0.0030343637185491204
-0.002801375868695711
-0.002566581097725398
-0.002330116107308563
-0.0020921189614932015
-0.001852729015160365
-0.0016120868408974907
-0.0013703341543019156
-0.001127613737729278
-0.0008840693625042707
-0.0006398457096136905
-0.00039508828890473334
-0.00014994335681413668
9.544216734311812e-5
0.0003409207864939723
0.0005863445123015442
0.0008315649529956547
0.0010764334024985329
0.001320800930801421
0.0015645184755444643
0.001807436934748979
0.0020494072606477946
0.0022902805545560578
0.0025299081627214066
0.0027681417730891274
0.0030048335129144645
0.0032398360471508885
0.0034730026775398534
0.0037041874423241385
0.003933245216503782
0.004160031812550298
0.004384404081491749
0.004606220014278269
0.004825338843334621
0.005041621144203538
0.005254928937180858
0.0054651257888408845
0.00567207691334789
0.005875649273447445
0.006075711681028946
0.006272134897148975
0.006464791731403071
0.006653557140532063
0.006838308326147697
0.0070189248314610105
0.007195288636896058
0.007367284254470877
0.00753479882082695
0.007697722188788409
0.007855947017332058
0.00800936885984968
0.008157886250584674
0.008301400789125762
0.00843981722284175
0.008573043527142617
0.00870099098345397
0.008823574254793614
0.008940711458841573
0.009052324238397
0.009158337829118488
0.009258681124447176
0.009353286737615506
0.009442091060647747
0.009525034320262821
0.009602060630593282
0.009673118042639369
0.00973815859038099
0.00979713833347571
0.00985001739647547
0.00989676000450013
0.00993733451531115
0.00997171344773428
0.009999873506385804
0.010021795602662632
0.010037464871962401
0.010046870687105896
